14186441	307464932	1039287414	526475	0.306	1.644	2.545	0.008	-0.028	0.021
14382475	307464928	1039287419	526399	0.325	1.626	2.516	-0.025	0.005	0.092
14586513	307464925	1039287424	526355	0.293	1.608	2.489	0.003	-0.036	-0.070
14787417	307464922	1039287428	526311	0.320	1.592	2.463	0.031	-0.022	-0.090
14988940	307464919	1039287434	526273	0.309	1.576	2.438	-0.005	0.085	-0.084
15187993	307464917	1039287437	526209	0.327	1.561	2.418	0.024	-0.019	-0.109
15388128	307464915	1039287440	526162	0.332	1.547	2.399	-0.013	0.040	-0.070
15588417	307464913	1039287443	526115	0.337	1.534	2.380	0.005	0.007	-0.083
15788036	307464910	1039287447	526085	0.283	1.520	2.359	0.008	-0.024	-0.012
15987217	307464907	1039287451	526062	0.300	1.506	2.338	-0.062	0.033	-0.068
16187332	307464904	1039287454	526027	0.297	1.494	2.318	-0.032	-0.003	-0.081
16387370	307464902	1039287456	525971	0.324	1.482	2.302	0.003	-0.010	-0.079
16586121	307464900	1039287459	525918	0.333	1.470	2.286	-0.005	0.045	-0.118
16786088	307464898	1039287463	525914	0.321	1.458	2.268	0.027	0.024	-0.071
16982084	307464896	1039287467	525887	0.323	1.447	2.252	0.028	-0.012	-0.078
17185093	307464895	1039287469	525869	0.268	1.436	2.235	-0.002	-0.014	-0.018
17384101	307464892	1039287471	525829	0.295	1.426	2.221	-0.029	0.004	-0.047
17584088	307464891	1039287473	525818	0.322	1.416	2.207	0.017	0.014	-0.037
17783411	307464889	1039287476	525814	0.307	1.406	2.192	-0.024	0.011	-0.049
17983446	307464887	1039287479	525769	0.324	1.396	2.176	0.004	0.031	-0.105
18184191	307464886	1039287481	525737	0.324	1.387	2.164	-0.005	0.018	-0.020
18385099	307464884	1039287482	525712	0.296	1.379	2.154	0.005	-0.032	0.013
18584089	307464884	1039287483	525648	0.274	1.371	2.143	0.078	0.035	-0.041
18786136	307464883	1039287488	525562	0.328	1.363	2.129	0.026	-0.001	-0.098
18986088	307464880	1039287493	525425	0.310	1.355	2.120	-0.068	0.013	0.041
19186086	307464877	1039287494	525349	0.339	1.348	2.114	0.048	-0.040	0.089
19386156	307464876	1039287496	525298	0.350	1.342	2.109	0.028	-0.056	0.129
19583372	307464874	1039287499	525266	0.294	1.334	2.100	-0.031	-0.014	0.023
19787469	307464871	1039287502	525229	0.247	1.326	2.089	0.004	-0.173	-0.020
19986090	307464866	1039287502	525226	0.254	1.318	2.081	-0.259	-0.094	0.008
20189185	307464860	1039287507	525246	0.213	1.308	2.070	-0.056	-0.038	-0.013
20388174	307464856	1039287513	525223	0.274	1.300	2.063	0.004	0.057	0.051
20588384	307464852	1039287520	525167	0.242	1.291	2.055	-0.057	-0.164	0.019
20784345	307464847	1039287527	525128	0.294	1.283	2.047	-0.068	-0.004	0.035
20985087	307464846	1039287529	525155	0.298	1.274	2.038	0.055	0.040	-0.052
21185105	307464848	1039287534	525192	0.213	1.265	2.031	0.220	0.190	-0.009
21385086	307464853	1039287541	525162	0.227	1.258	2.022	0.298	0.177	0.027
21585087	307464856	1039287550	525129	0.203	1.252	2.018	0.243	0.328	0.135
21785250	307464857	1039287559	525088	0.273	1.247	2.014	0.078	0.132	-0.029
21985113	307464856	1039287568	524975	0.359	1.242	2.011	-0.013	0.017	0.032
22182090	307464853	1039287573	524850	0.241	1.238	2.009	-0.059	-0.021	-0.019
22385238	307464850	1039287579	524737	0.222	1.234	2.007	-0.001	-0.115	-0.025
22588778	307464846	1039287585	524642	0.197	1.230	2.006	-0.085	-0.149	-0.035
22790083	307464842	1039287590	524594	0.321	1.227	2.006	-0.047	0.001	-0.043
22988321	307464839	1039287596	524565	0.254	1.223	2.005	0.009	-0.066	-0.010
23186085	307464835	1039287600	524517	0.252	1.220	2.004	-0.090	-0.089	-0.116
23386085	307464830	1039287606	524443	0.321	1.217	2.002	-0.022	-0.146	0.077
23588332	307464825	1039287610	524363	0.240	1.213	2.001	-0.018	-0.083	-0.073
23788664	307464821	1039287615	524291	0.257	1.210	2.001	-0.028	-0.050	0.014
23990084	307464817	1039287621	524205	0.307	1.207	1.998	-0.084	0.121	0.045
24189213	307464813	1039287626	524183	0.196	1.203	1.988	-0.056	-0.116	-0.006
24388749	307464807	1039287628	524183	0.294	1.200	1.982	-0.241	-0.084	-0.001
24587096	307464799	1039287629	524139	0.347	1.198	1.976	-0.412	0.058	0.044
24782094	307464789	1039287630	524138	0.295	1.195	1.971	-0.469	-0.118	0.057
24988561	307464772	1039287632	524134	0.330	1.193	1.967	-0.963	-0.111	0.118
25189234	307464750	1039287634	524089	0.311	1.190	1.962	-1.148	-0.097	-0.060
25387213	307464730	1039287621	524055	0.324	1.187	1.965	-1.339	-0.184	0.004
25589844	307464701	1039287621	524070	0.326	1.186	1.967	-1.450	-0.409	0.086
25787147	307464671	1039287620	523993	0.327	1.186	1.969	-1.515	-0.149	0.011
25987111	307464640	1039287621	523948	0.385	1.185	1.970	-1.567	-0.300	0.093
26189607	307464608	1039287621	523936	0.401	1.186	1.971	-1.710	-0.257	0.027
26390088	307464572	1039287623	523859	0.378	1.185	1.971	-2.023	0.108	0.072
26589234	307464531	1039287630	523775	0.375	1.184	1.970	-2.312	0.239	0.112
26789951	307464490	1039287642	523779	0.361	1.183	1.970	-2.031	0.394	0.031
26985158	307464450	1039287652	523718	0.369	1.183	1.970	-2.148	0.166	0.144
27187133	307464407	1039287659	523662	0.366	1.183	1.972	-2.269	0.299	0.036
27381216	307464364	1039287667	523635	0.360	1.183	1.976	-2.331	0.160	0.138
27589043	307464319	1039287675	523656	0.309	1.182	1.977	-2.305	0.195	0.180
27787169	307464274	1039287682	523606	0.305	1.181	1.978	-2.433	0.141	0.120
27989722	307464226	1039287687	523555	0.310	1.180	1.984	-2.545	0.109	0.244
28189218	307464177	1039287695	523546	0.300	1.178	1.985	-2.602	0.347	0.135
28387157	307464127	1039287705	523510	0.348	1.177	1.990	-2.620	0.364	0.094
28586089	307464075	1039287712	523495	0.340	1.178	1.994	-2.802	0.028	0.175
28786128	307464022	1039287716	523621	0.314	1.177	1.993	-2.739	0.067	0.143
28986096	307463971	1039287723	523603	0.305	1.175	1.992	-2.636	0.336	-0.012
29186098	307463919	1039287733	523614	0.302	1.174	1.991	-2.753	0.314	0.094
29387127	307463867	1039287745	523574	0.329	1.173	1.992	-2.812	0.589	0.031
29587089	307463815	1039287761	523625	0.331	1.172	1.989	-2.575	0.449	-0.020
29785184	307463765	1039287773	523621	0.357	1.172	1.990	-2.791	0.408	0.121
29983127	307463710	1039287786	523650	0.336	1.172	1.990	-2.925	0.458	0.035
30189185	307463655	1039287797	523634	0.322	1.171	1.988	-2.954	0.372	0.008
30387173	307463602	1039287802	523623	0.320	1.170	1.988	-2.839	0.114	0.019
30589954	307463549	1039287808	523641	0.325	1.170	1.992	-2.871	0.225	0.037
30788232	307463495	1039287818	523596	0.315	1.169	1.994	-2.977	0.382	-0.061
30988091	307463440	1039287827	523605	0.313	1.168	1.997	-2.944	0.326	0.002
31189855	307463386	1039287836	523602	0.312	1.167	2.001	-3.031	0.354	-0.024
31388085	307463331	1039287847	523542	0.316	1.166	2.002	-2.950	0.408	-0.039
31588086	307463276	1039287859	523552	0.318	1.165	2.004	-3.001	0.462	-0.061
31789933	307463220	1039287870	523571	0.314	1.164	2.005	-3.030	0.319	0.061
31987091	307463164	1039287879	523627	0.306	1.163	2.004	-2.980	0.184	-0.018
32188131	307463107	1039287883	523616	0.314	1.163	2.004	-3.237	0.093	0.094
32389989	307463047	1039287888	523659	0.317	1.163	2.009	-3.242	0.170	-0.063
32581906	307462988	1039287894	523726	0.313	1.162	2.003	-3.101	0.177	-0.068
32787166	307462931	1039287903	523743	0.322	1.160	2.001	-3.189	0.489	-0.077
32987086	307462871	1039287918	523774	0.322	1.159	1.994	-3.191	0.572	-0.071
33188140	307462813	1039287930	523796	0.317	1.157	1.988	-3.166	0.581	-0.088
33388087	307462755	1039287944	523844	0.314	1.155	1.981	-3.163	0.539	-0.022
33586093	307462696	1039287956	523888	0.316	1.154	1.975	-3.251	0.444	-0.049
33788088	307462638	1039287968	523945	0.322	1.153	1.974	-3.051	0.459	-0.081
33987174	307462578	1039287980	524011	0.316	1.152	1.976	-3.403	0.456	-0.197
34187151	307462518	1039287990	524024	0.314	1.151	1.978	-3.186	0.367	-0.091
34387089	307462458	1039287999	524072	0.365	1.152	1.981	-3.332	0.284	-0.078
34588133	307462397	1039288006	524071	0.328	1.152	1.983	-3.320	0.275	-0.056
34787191	307462338	1039288013	524051	0.325	1.152	1.983	-3.151	0.202	-0.088
34984090	307462278	1039288021	524038	0.331	1.152	1.988	-3.429	0.400	-0.087
35183150	307462216	1039288030	524053	0.325	1.153	1.990	-3.349	0.332	-0.019
35387190	307462155	1039288039	524021	0.310	1.152	1.993	-3.343	0.484	-0.003
35588092	307462094	1039288049	524093	0.311	1.151	1.992	-3.259	0.272	0.041
35788121	307462034	1039288060	524078	0.318	1.151	1.991	-3.244	0.640	-0.019
35990727	307461974	1039288072	524076	0.313	1.150	1.990	-3.318	0.437	0.117
36188092	307461913	1039288084	524009	0.309	1.149	1.994	-3.320	0.578	0.123
36389088	307461851	1039288095	523996	0.314	1.148	1.993	-3.364	0.499	0.075
36589115	307461788	1039288107	523995	0.353	1.148	1.998	-3.297	0.475	0.127
36787493	307461725	1039288118	524050	0.325	1.148	1.999	-3.419	0.429	0.167
36988088	307461663	1039288128	524112	0.318	1.147	1.993	-3.267	0.223	-0.011
37190710	307461602	1039288133	524046	0.319	1.146	1.987	-3.303	0.339	0.046
37389090	307461539	1039288142	524065	0.349	1.146	1.991	-3.423	0.321	0.080
37588091	307461477	1039288150	524040	0.341	1.147	1.995	-3.229	0.431	0.114
37784094	307461416	1039288162	524028	0.343	1.147	2.000	-3.328	0.428	0.055
37989160	307461355	1039288174	523983	0.318	1.148	2.005	-3.349	0.500	0.029
38185093	307461291	1039288187	523981	0.318	1.148	2.009	-3.414	0.501	0.074
38388135	307461228	1039288199	523917	0.321	1.147	2.004	-3.389	0.570	0.163
38587284	307461164	1039288212	523985	0.321	1.146	2.001	-3.390	0.469	0.064
38787189	307461101	1039288227	523932	0.324	1.146	2.001	-3.336	0.662	0.098
38986771	307461041	1039288242	523864	0.314	1.145	1.998	-3.208	0.634	0.120
39187766	307460981	1039288256	523790	0.326	1.144	1.996	-3.194	0.725	0.160
39387154	307460921	1039288266	523961	0.326	1.143	1.994	-3.123	0.402	0.290
39587198	307460860	1039288275	524051	0.332	1.143	1.993	-3.310	0.668	0.218
39788573	307460798	1039288290	524064	0.325	1.143	1.998	-3.238	0.620	0.096
39987531	307460737	1039288304	524082	0.323	1.143	2.002	-3.249	0.588	0.054
40189119	307460673	1039288317	524228	0.314	1.143	2.003	-3.448	0.310	-0.011
40385089	307460610	1039288327	524211	0.323	1.142	2.008	-3.376	0.473	-0.106
40586089	307460547	1039288337	524142	0.328	1.142	2.009	-3.399	0.365	-0.020
40785101	307460485	1039288344	524129	0.330	1.142	2.011	-3.291	0.298	-0.018
40985093	307460422	1039288352	524235	0.326	1.142	2.007	-3.365	0.279	-0.022
41187573	307460359	1039288359	524315	0.321	1.141	2.003	-3.279	0.255	-0.051
41385089	307460297	1039288368	524397	0.314	1.140	2.000	-3.341	0.504	-0.134
41586114	307460235	1039288378	524470	0.320	1.139	1.997	-3.314	0.525	-0.171
41786091	307460175	1039288389	524498	0.396	1.140	1.999	-3.146	0.336	-0.075
41988086	307460118	1039288400	524543	0.401	1.142	1.997	-3.002	0.661	-0.158
42188164	307460059	1039288413	524670	0.319	1.142	1.992	-3.329	0.600	-0.175
42388098	307459997	1039288426	524754	0.322	1.141	1.996	-3.286	0.585	-0.114
42587488	307459938	1039288439	524844	0.393	1.142	1.996	-3.062	0.562	-0.131
42790185	307459879	1039288450	524952	0.404	1.144	1.996	-3.287	0.374	-0.109
42986123	307459814	1039288461	524976	0.367	1.146	2.003	-3.626	0.600	-0.108
43189150	307459751	1039288475	524932	0.341	1.147	2.004	-3.235	0.635	-0.097
43388128	307459690	1039288486	524905	0.335	1.147	2.010	-3.418	0.479	-0.045
43588329	307459626	1039288497	524920	0.325	1.148	2.018	-3.437	0.452	-0.021
43788411	307459562	1039288505	524933	0.323	1.149	2.023	-3.384	0.336	-0.002
43987093	307459498	1039288509	525005	0.324	1.149	2.029	-3.404	0.402	0.087
44189126	307459435	1039288519	525013	0.315	1.149	2.033	-3.375	0.532	0.028
44389123	307459372	1039288530	524977	0.316	1.148	2.036	-3.331	0.559	0.114
44589154	307459309	1039288543	525010	0.314	1.147	2.034	-3.333	0.617	0.073
44790085	307459246	1039288557	524948	0.314	1.146	2.031	-3.399	0.714	0.105
44989127	307459184	1039288572	524919	0.323	1.146	2.031	-3.283	0.594	0.074
45190140	307459123	1039288587	524850	0.303	1.145	2.027	-3.294	0.717	0.137
45389160	307459059	1039288604	524749	0.305	1.143	2.027	-3.483	0.779	0.078
45584949	307458994	1039288622	524794	0.304	1.140	2.024	-3.443	0.772	0.044
45786087	307458930	1039288641	524762	0.329	1.139	2.020	-3.396	0.860	0.120
45988245	307458865	1039288660	524735	0.333	1.139	2.025	-3.553	0.788	0.151
46188338	307458800	1039288678	524735	0.334	1.140	2.027	-3.416	0.857	0.245
46388923	307458736	1039288697	524715	0.333	1.140	2.032	-3.545	0.787	-0.016
46586107	307458669	1039288713	524762	0.327	1.140	2.032	-3.624	0.686	0.079
46787202	307458601	1039288728	524837	0.326	1.140	2.029	-3.648	0.627	0.058
46990092	307458533	1039288741	524920	0.321	1.139	2.028	-3.528	0.538	-0.064
47189134	307458466	1039288754	524900	0.300	1.138	2.024	-3.676	0.659	0.009
47389183	307458397	1039288768	524899	0.324	1.137	2.022	-3.704	0.598	0.034
47589550	307458330	1039288781	524905	0.349	1.137	2.023	-3.563	0.486	0.044
47791125	307458263	1039288793	524944	0.359	1.138	2.028	-3.575	0.520	-0.091
47991084	307458195	1039288806	524945	0.323	1.139	2.032	-3.735	0.658	-0.094
48185196	307458128	1039288820	524932	0.324	1.139	2.036	-3.581	0.536	0.032
48391131	307458064	1039288834	524900	0.325	1.139	2.038	-3.440	0.647	-0.117
48587238	307457999	1039288850	524864	0.321	1.138	2.033	-3.584	0.774	-0.062
48789423	307457933	1039288867	524876	0.292	1.136	2.034	-3.584	0.798	-0.091
48993859	307457867	1039288882	524864	0.300	1.134	2.031	-3.532	0.709	-0.073
49190114	307457801	1039288897	524910	0.294	1.132	2.025	-3.472	0.601	-0.126
49387127	307457738	1039288914	524846	0.331	1.131	2.021	-3.501	0.872	0.021
49589062	307457673	1039288932	524876	0.307	1.129	2.012	-3.491	0.827	0.023
49788085	307457608	1039288954	524958	0.309	1.127	2.000	-3.454	0.844	-0.136
49988087	307457544	1039288975	524985	0.319	1.125	1.998	-3.418	0.955	-0.091
50189935	307457482	1039288997	525002	0.324	1.124	1.996	-3.323	1.079	-0.183
50388090	307457419	1039289023	525037	0.328	1.124	1.998	-3.418	1.268	-0.172
50590896	307457355	1039289050	525080	0.303	1.122	1.998	-3.408	1.259	-0.112
50786088	307457293	1039289075	525129	0.319	1.121	2.001	-3.325	1.040	-0.046
50987237	307457230	1039289099	525136	0.324	1.120	2.005	-3.428	1.233	-0.192
51188094	307457165	1039289124	525294	0.316	1.119	2.006	-3.345	1.087	-0.196
51386171	307457103	1039289150	525343	0.339	1.119	2.008	-3.307	1.301	-0.239
51587155	307457043	1039289178	525324	0.335	1.118	2.009	-3.245	1.317	-0.110
51790222	307456982	1039289207	525268	0.307	1.117	2.007	-3.315	1.355	-0.029
51986178	307456919	1039289236	525357	0.297	1.114	1.993	-3.346	1.365	-0.055
52189915	307456859	1039289266	525347	0.334	1.112	1.991	-3.100	1.433	-0.171
52388089	307456801	1039289299	525358	0.309	1.110	1.984	-3.170	1.565	0.128
52591159	307456742	1039289333	525351	0.294	1.107	1.977	-3.205	1.637	0.068
52790678	307456684	1039289367	525322	0.292	1.104	1.970	-3.180	1.566	-0.028
52991572	307456626	1039289403	525225	0.291	1.100	1.958	-3.165	1.745	0.027
53192129	307456566	1039289440	525300	0.288	1.096	1.949	-3.347	1.558	-0.059
53387016	307456508	1039289475	525223	0.300	1.092	1.938	-3.126	1.743	-0.014
53591622	307456451	1039289514	525375	0.321	1.088	1.925	-3.073	1.724	-0.085
53789120	307456395	1039289551	525438	0.327	1.084	1.914	-3.058	1.756	-0.318
53989149	307456341	1039289590	525360	0.305	1.081	1.905	-2.869	1.914	-0.059
54188097	307456287	1039289629	525307	0.290	1.078	1.897	-2.986	1.793	0.054
54390814	307456233	1039289670	525277	0.298	1.076	1.891	-2.907	2.031	0.044
54590797	307456181	1039289716	525259	0.283	1.072	1.880	-2.789	2.178	-0.092
54791625	307456130	1039289761	525205	0.288	1.069	1.877	-2.816	2.013	0.026
54989128	307456078	1039289808	525189	0.297	1.066	1.874	-2.913	2.244	-0.051
55190090	307456025	1039289854	525126	0.290	1.064	1.871	-2.873	2.084	0.038
55390086	307455972	1039289901	525141	0.292	1.061	1.867	-2.858	2.131	0.104
55591498	307455919	1039289948	525138	0.281	1.057	1.858	-2.784	2.196	-0.099
55791534	307455868	1039289996	525106	0.284	1.054	1.855	-2.754	2.199	-0.105
55985096	307455818	1039290046	525133	0.282	1.051	1.848	-2.708	2.474	-0.221
56189125	307455767	1039290098	525125	0.285	1.047	1.844	-2.864	2.340	-0.173
56389102	307455716	1039290148	525001	0.274	1.043	1.836	-2.687	2.373	0.092
56587477	307455669	1039290201	524891	0.285	1.041	1.834	-2.516	2.570	0.052
56787674	307455623	1039290257	524946	0.272	1.038	1.830	-2.466	2.418	-0.012
56989119	307455577	1039290311	524887	0.257	1.035	1.825	-2.469	2.558	-0.110
57189130	307455532	1039290369	524842	0.244	1.030	1.821	-2.225	2.653	-0.168
57388137	307455491	1039290425	524761	0.267	1.027	1.820	-2.228	2.639	-0.031
57589117	307455449	1039290482	524705	0.285	1.026	1.820	-2.224	2.764	0.013
57793326	307455408	1039290542	524696	0.263	1.024	1.820	-2.218	2.647	0.129
57992319	307455368	1039290602	524695	0.266	1.022	1.821	-2.037	2.803	-0.026
58192374	307455335	1039290657	524556	0.296	1.021	1.824	-1.665	2.633	-0.121
58393101	307455305	1039290712	524340	0.286	1.020	1.826	-1.559	2.798	0.324
58586098	307455271	1039290774	524274	0.299	1.019	1.830	-1.817	2.937	0.415
58792334	307455237	1039290839	524149	0.264	1.017	1.834	-1.657	3.058	0.451
58992921	307455205	1039290906	524015	0.277	1.015	1.837	-1.607	3.136	0.554
59192383	307455173	1039290974	523957	0.302	1.012	1.837	-1.545	3.091	0.352
59392323	307455145	1039291042	523843	0.306	1.010	1.838	-1.441	3.344	0.302
59593053	307455116	1039291116	523808	0.232	1.006	1.838	-1.351	3.370	0.309
59792276	307455087	1039291188	523851	0.250	1.001	1.838	-1.500	3.104	0.137
60000934	307455057	1039291256	523755	0.236	0.997	1.836	-1.619	3.270	0.242
60191155	307455027	1039291322	523721	0.227	0.993	1.833	-1.715	3.042	0.175
60393135	307454999	1039291390	523720	0.261	0.990	1.832	-1.483	3.350	0.067
60594086	307454971	1039291461	523734	0.255	0.987	1.832	-1.464	3.315	0.080
60793553	307454945	1039291530	523673	0.295	0.986	1.833	-1.428	3.268	0.059
60991163	307454920	1039291599	523654	0.218	0.983	1.833	-1.337	3.303	0.000
61187143	307454897	1039291667	523603	0.236	0.980	1.834	-1.322	3.349	0.062
61393699	307454876	1039291736	523542	0.254	0.977	1.834	-1.131	3.458	0.037
61591154	307454857	1039291809	523538	0.258	0.975	1.835	-1.005	3.472	-0.021
61790094	307454841	1039291881	523521	0.251	0.973	1.836	-0.962	3.539	-0.085
61992136	307454825	1039291954	523490	0.241	0.971	1.838	-0.890	3.463	0.014
62190122	307454811	1039292027	523455	0.254	0.970	1.838	-0.686	3.433	0.012
62390446	307454799	1039292101	523481	0.252	0.968	1.833	-0.645	3.600	-0.069
62594638	307454790	1039292176	523447	0.250	0.967	1.831	-0.409	3.600	-0.105
62792085	307454782	1039292249	523335	0.239	0.965	1.829	-0.524	3.590	0.025
62992092	307454774	1039292323	523238	0.246	0.965	1.828	-0.449	3.620	0.060
63192096	307454767	1039292398	523154	0.240	0.963	1.825	-0.425	3.638	0.129
63392135	307454764	1039292474	523144	0.231	0.961	1.818	-0.136	3.739	-0.299
63591173	307454763	1039292548	523116	0.222	0.957	1.814	-0.222	3.600	-0.234
63787099	307454762	1039292620	523038	0.240	0.956	1.813	-0.106	3.647	-0.044
63991158	307454763	1039292692	522932	0.215	0.954	1.807	0.064	3.560	-0.193
64191445	307454764	1039292764	522910	0.213	0.952	1.801	-0.095	3.654	-0.184
64393131	307454760	1039292835	522770	0.224	0.950	1.797	-0.248	3.645	0.082
64589164	307454758	1039292910	522731	0.225	0.949	1.793	-0.108	3.663	-0.025
64788101	307454753	1039292984	522673	0.239	0.949	1.794	-0.300	3.601	0.009
64992090	307454750	1039293058	522663	0.233	0.949	1.791	-0.027	3.563	-0.087
65189130	307454749	1039293133	522632	0.244	0.948	1.791	0.017	3.725	-0.060
65391625	307454751	1039293209	522637	0.255	0.949	1.793	0.188	3.653	-0.032
65592088	307454755	1039293285	522617	0.236	0.949	1.793	0.301	3.606	-0.148
65793151	307454761	1039293361	522616	0.243	0.950	1.794	0.367	3.661	0.005
65992098	307454768	1039293436	522636	0.212	0.952	1.795	0.346	3.539	-0.115
66193144	307454776	1039293510	522670	0.217	0.954	1.796	0.539	3.557	-0.098
66388104	307454786	1039293582	522633	0.219	0.956	1.798	0.498	3.528	0.031
66592216	307454794	1039293654	522565	0.214	0.957	1.799	0.476	3.553	0.113
66792087	307454803	1039293726	522496	0.258	0.961	1.804	0.644	3.531	0.072
66992178	307454814	1039293800	522530	0.264	0.966	1.810	0.594	3.497	0.030
67192269	307454825	1039293874	522525	0.262	0.971	1.815	0.678	3.655	0.058
67389167	307454840	1039293949	522508	0.267	0.976	1.821	1.004	3.496	0.167
67590100	307454857	1039294020	522491	0.296	0.981	1.830	0.956	3.403	-0.075
67792560	307454878	1039294092	522512	0.290	0.986	1.837	1.347	3.473	0.006
67992366	307454901	1039294164	522515	0.256	0.989	1.843	1.223	3.298	0.032
68192331	307454922	1039294234	522480	0.234	0.992	1.848	1.177	3.392	0.124
68392912	307454942	1039294304	522438	0.229	0.997	1.853	1.087	3.350	0.227
68594102	307454960	1039294375	522402	0.228	1.002	1.858	0.911	3.429	0.058
68793090	307454980	1039294446	522432	0.236	1.006	1.863	1.229	3.346	0.079
68989161	307455000	1039294516	522432	0.234	1.010	1.867	1.024	3.347	0.076
69193096	307455020	1039294587	522439	0.232	1.014	1.872	1.076	3.424	0.238
69393136	307455042	1039294658	522427	0.239	1.018	1.876	1.225	3.339	0.128
69594199	307455064	1039294729	522418	0.228	1.021	1.880	1.112	3.352	0.214
69793102	307455086	1039294798	522394	0.236	1.023	1.882	1.344	3.324	-0.029
69993132	307455111	1039294867	522425	0.234	1.025	1.883	1.318	3.207	-0.034
70191189	307455136	1039294936	522451	0.224	1.025	1.883	1.430	3.361	-0.018
70393325	307455163	1039295005	522474	0.230	1.025	1.884	1.483	3.275	-0.082
70593169	307455188	1039295072	522472	0.234	1.025	1.886	1.369	3.219	-0.056
70795173	307455212	1039295139	522485	0.222	1.025	1.884	1.228	3.315	-0.053
70994092	307455237	1039295206	522510	0.237	1.026	1.885	1.421	3.114	-0.040
71194088	307455262	1039295273	522546	0.229	1.027	1.887	1.262	3.311	-0.053
71394117	307455287	1039295341	522579	0.278	1.027	1.889	1.471	3.208	-0.081
71589296	307455314	1039295408	522602	0.299	1.028	1.892	1.367	3.281	-0.081
71794117	307455336	1039295476	522612	0.267	1.029	1.895	1.097	3.359	-0.166
71992087	307455356	1039295542	522547	0.272	1.031	1.899	1.319	3.150	-0.221
72195152	307455377	1039295610	522560	0.258	1.034	1.905	1.095	3.367	0.051
72394083	307455399	1039295678	522552	0.244	1.037	1.908	1.294	3.160	0.116
72592094	307455424	1039295742	522507	0.269	1.039	1.909	1.521	3.115	0.015
72793970	307455449	1039295809	522501	0.255	1.041	1.912	1.218	3.287	0.151
72991090	307455475	1039295876	522528	0.231	1.040	1.911	1.468	3.127	0.179
73192090	307455503	1039295941	522509	0.237	1.038	1.912	1.553	3.118	0.105
73394063	307455533	1039296004	522507	0.227	1.036	1.910	1.788	2.971	0.010
73592087	307455565	1039296063	522428	0.264	1.033	1.911	1.942	2.841	0.038
73793088	307455599	1039296125	522430	0.259	1.031	1.911	1.814	3.098	0.127
73993087	307455631	1039296188	522361	0.270	1.030	1.911	1.949	3.015	0.126
74189093	307455667	1039296250	522370	0.275	1.029	1.911	1.933	2.922	0.144
74393132	307455703	1039296312	522425	0.300	1.029	1.913	1.860	3.025	0.096
74592114	307455737	1039296375	522450	0.299	1.029	1.915	1.866	2.946	0.048
74792126	307455771	1039296437	522423	0.301	1.029	1.916	1.959	2.945	0.126
74991193	307455807	1039296496	522401	0.278	1.029	1.916	2.087	2.786	0.041
75190835	307455845	1039296556	522452	0.265	1.028	1.911	1.945	2.843	0.149
75390125	307455884	1039296616	522456	0.290	1.027	1.906	2.287	2.852	0.162
75591491	307455926	1039296672	522456	0.285	1.026	1.901	2.348	2.545	0.092
75788132	307455966	1039296727	522459	0.289	1.025	1.897	2.281	2.661	0.036
75992347	307456008	1039296780	522473	0.310	1.025	1.893	2.334	2.358	0.045
76194084	307456053	1039296827	522453	0.333	1.027	1.892	2.651	2.185	0.235
76392089	307456102	1039296872	522442	0.326	1.028	1.889	2.679	2.007	0.224
76593098	307456153	1039296912	522404	0.357	1.030	1.888	2.865	1.779	0.202
76789148	307456208	1039296946	522408	0.349	1.031	1.885	3.083	1.491	0.129
76992096	307456264	1039296975	522404	0.355	1.032	1.882	2.996	1.144	0.162
77193153	307456321	1039296998	522409	0.376	1.033	1.882	3.214	0.942	0.125
77392457	307456379	1039297013	522373	0.375	1.033	1.879	3.273	0.530	0.121
77593086	307456439	1039297021	522382	0.400	1.034	1.877	3.289	0.233	0.148
77793259	307456500	1039297025	522387	0.396	1.037	1.879	3.452	0.065	0.048
77991095	307456561	1039297022	522337	0.396	1.039	1.877	3.398	-0.310	0.078
78192284	307456622	1039297015	522311	0.404	1.040	1.877	3.420	-0.412	0.104
78396404	307456683	1039297006	522294	0.386	1.042	1.876	3.401	-0.477	-0.075
78593092	307456743	1039296996	522281	0.401	1.043	1.878	3.353	-0.532	-0.054
78794089	307456804	1039296986	522316	0.396	1.046	1.879	3.409	-0.517	-0.064
78995153	307456866	1039296978	522411	0.389	1.048	1.880	3.390	-0.391	-0.066
79193300	307456928	1039296970	522384	0.393	1.051	1.881	3.500	-0.349	-0.037
79389814	307456991	1039296967	522390	0.400	1.054	1.883	3.420	0.033	-0.115
79594137	307457054	1039296969	522414	0.417	1.057	1.886	3.480	0.011	-0.048
79795124	307457118	1039296973	522434	0.419	1.060	1.888	3.535	0.202	0.033
79995151	307457182	1039296980	522471	0.411	1.062	1.889	3.411	0.331	-0.128
80194095	307457246	1039296989	522480	0.406	1.064	1.892	3.568	0.373	-0.037
80395127	307457311	1039296998	522465	0.379	1.066	1.892	3.573	0.552	-0.041
80594146	307457376	1039297011	522405	0.368	1.066	1.893	3.482	0.741	-0.049
80795161	307457440	1039297029	522349	0.357	1.066	1.895	3.547	1.030	-0.009
80992087	307457504	1039297051	522285	0.357	1.066	1.897	3.427	1.145	0.031
81192096	307457564	1039297074	522251	0.368	1.067	1.902	3.339	1.027	-0.060
81392102	307457625	1039297096	522199	0.360	1.067	1.907	3.423	1.096	0.006
81595093	307457687	1039297116	522166	0.358	1.066	1.911	3.418	0.848	-0.012
81795178	307457750	1039297136	522147	0.365	1.066	1.916	3.593	0.964	0.033
81990737	307457815	1039297156	522125	0.358	1.065	1.921	3.670	0.891	0.036
82194771	307457879	1039297176	522120	0.361	1.065	1.926	3.548	0.881	-0.035
82395209	307457942	1039297193	522127	0.361	1.065	1.931	3.557	0.637	-0.064
82595766	307458006	1039297210	522153	0.363	1.065	1.936	3.580	0.773	0.107
82794701	307458070	1039297226	522190	0.366	1.066	1.943	3.617	0.641	-0.027
82992159	307458135	1039297239	522147	0.377	1.067	1.949	3.628	0.599	0.031
83195488	307458201	1039297250	522137	0.373	1.068	1.955	3.734	0.361	0.047
83394765	307458267	1039297254	522098	0.381	1.070	1.962	3.666	0.045	0.144
83594090	307458334	1039297255	522083	0.364	1.072	1.966	3.745	-0.059	0.164
83793095	307458399	1039297253	522051	0.337	1.072	1.963	3.652	-0.156	-0.113
83994085	307458464	1039297246	521985	0.350	1.071	1.959	3.589	-0.415	0.100
84193092	307458529	1039297236	521990	0.345	1.072	1.957	3.820	-0.662	0.097
84394085	307458593	1039297220	521977	0.335	1.072	1.955	3.520	-0.916	-0.026
84590090	307458656	1039297199	521975	0.366	1.073	1.956	3.668	-1.117	0.069
84794091	307458720	1039297174	521919	0.351	1.074	1.956	3.582	-1.195	-0.017
84997099	307458782	1039297149	521931	0.355	1.075	1.954	3.405	-1.329	-0.023
85196319	307458843	1039297121	521912	0.300	1.074	1.955	3.429	-1.433	0.083
85394187	307458901	1039297090	521876	0.296	1.072	1.955	3.302	-1.495	0.054
85594093	307458962	1039297059	521809	0.287	1.069	1.955	3.500	-1.339	-0.016
85793117	307459024	1039297030	521785	0.273	1.066	1.953	3.445	-1.380	0.042
85994123	307459085	1039297001	521761	0.258	1.062	1.951	3.274	-1.427	0.110
86193093	307459145	1039296971	521727	0.258	1.057	1.944	3.369	-1.493	0.161
86392375	307459205	1039296942	521734	0.299	1.054	1.945	3.376	-1.288	0.039
86591087	307459267	1039296917	521757	0.296	1.053	1.945	3.567	-1.188	0.133
86793300	307459332	1039296893	521708	0.307	1.051	1.946	3.459	-1.149	0.037
86994086	307459392	1039296868	521697	0.315	1.050	1.945	3.322	-1.294	0.124
87189279	307459451	1039296842	521697	0.290	1.048	1.940	3.423	-1.224	-0.026
87395122	307459513	1039296817	521660	0.307	1.047	1.939	3.532	-1.117	-0.031
87594091	307459577	1039296794	521654	0.315	1.046	1.938	3.602	-1.152	0.110
87793860	307459641	1039296770	521637	0.352	1.047	1.937	3.511	-1.145	0.082
87993995	307459706	1039296747	521647	0.330	1.048	1.935	3.684	-1.144	0.019
88192090	307459771	1039296724	521663	0.346	1.049	1.933	3.556	-1.154	0.066
88394629	307459836	1039296701	521642	0.364	1.051	1.932	3.648	-1.071	0.033
88593994	307459901	1039296678	521604	0.346	1.053	1.932	3.612	-1.070	0.021
88792089	307459966	1039296656	521599	0.347	1.054	1.932	3.614	-1.113	0.069
89003155	307460034	1039296634	521586	0.336	1.056	1.931	3.905	-0.928	0.032
89196086	307460103	1039296615	521558	0.359	1.058	1.932	3.854	-0.890	0.156
89395208	307460174	1039296596	521533	0.360	1.060	1.934	3.926	-0.915	0.034
89595333	307460244	1039296577	521529	0.347	1.062	1.934	3.824	-0.942	0.045
89791151	307460314	1039296558	521509	0.367	1.064	1.935	3.976	-0.920	0.130
89995210	307460385	1039296541	521525	0.361	1.068	1.936	3.939	-0.803	-0.042
90195145	307460456	1039296525	521550	0.362	1.070	1.937	3.913	-0.801	-0.025
90396092	307460527	1039296509	521576	0.356	1.073	1.938	4.039	-0.756	-0.098
90595090	307460601	1039296497	521608	0.392	1.077	1.939	4.082	-0.590	0.017
90796698	307460674	1039296485	521637	0.413	1.081	1.941	4.050	-0.622	-0.119
90996100	307460747	1039296469	521641	0.383	1.084	1.942	3.971	-0.938	0.009
91193087	307460820	1039296452	521654	0.371	1.086	1.942	4.075	-0.694	-0.022
91394086	307460893	1039296437	521654	0.387	1.089	1.944	4.012	-0.781	-0.003
91595495	307460967	1039296423	521687	0.379	1.092	1.945	4.129	-0.740	-0.057
91792181	307461040	1039296409	521730	0.392	1.096	1.947	4.043	-0.729	-0.089
91994083	307461115	1039296397	521774	0.357	1.098	1.948	4.226	-0.553	-0.025
92196232	307461191	1039296385	521759	0.347	1.099	1.947	4.104	-0.565	0.010
92392793	307461265	1039296373	521779	0.351	1.100	1.946	4.121	-0.649	0.005
92594087	307461339	1039296360	521813	0.350	1.101	1.945	4.125	-0.726	0.023
92794085	307461414	1039296345	521835	0.349	1.103	1.944	4.108	-0.799	-0.101
92996250	307461489	1039296328	521860	0.370	1.105	1.945	4.190	-0.884	0.034
93196825	307461564	1039296312	521878	0.390	1.108	1.948	4.156	-0.755	0.034
93396233	307461639	1039296298	521902	0.390	1.112	1.951	4.126	-0.774	0.085
93597191	307461714	1039296283	521939	0.374	1.115	1.953	4.172	-0.826	0.049
93797982	307461790	1039296267	521953	0.383	1.118	1.955	4.252	-0.743	0.019
93995126	307461866	1039296253	521938	0.381	1.122	1.957	4.072	-0.552	-0.047
94195159	307461941	1039296240	521912	0.367	1.125	1.960	4.175	-0.581	0.004
94395175	307462017	1039296229	521902	0.372	1.128	1.963	4.308	-0.458	0.077
94597082	307462095	1039296219	521905	0.367	1.130	1.966	4.266	-0.582	0.023
94795101	307462170	1039296209	521934	0.376	1.133	1.969	4.089	-0.444	0.036
94991156	307462246	1039296201	521923	0.384	1.135	1.974	4.335	-0.322	-0.064
95195193	307462324	1039296194	521953	0.379	1.136	1.974	4.227	-0.457	-0.015
95395200	307462402	1039296185	521928	0.373	1.136	1.977	4.386	-0.355	0.116
95596086	307462479	1039296177	521943	0.386	1.137	1.977	4.084	-0.498	0.054
95797893	307462555	1039296166	521932	0.394	1.138	1.978	4.243	-0.525	0.058
95995410	307462631	1039296155	521977	0.391	1.140	1.979	4.139	-0.732	-0.001
96196090	307462708	1039296139	521973	0.399	1.142	1.980	4.331	-0.749	-0.035
96395178	307462786	1039296119	521919	0.363	1.144	1.982	4.242	-1.050	0.110
96593090	307462862	1039296100	521908	0.377	1.146	1.984	4.183	-0.850	0.122
96794650	307462936	1039296083	521919	0.379	1.147	1.986	4.047	-0.860	0.045
96996086	307463013	1039296066	521911	0.377	1.149	1.988	4.416	-0.792	0.095
97193092	307463090	1039296052	521959	0.377	1.151	1.990	4.151	-0.807	0.098
97394095	307463165	1039296037	521998	0.379	1.152	1.991	4.276	-0.726	0.070
97592431	307463243	1039296027	522053	0.391	1.154	1.994	4.377	-0.492	0.018
97795852	307463321	1039296018	522090	0.382	1.156	1.997	4.337	-0.471	-0.065
97994082	307463398	1039296009	522153	0.388	1.159	1.999	4.177	-0.566	-0.071
98194184	307463475	1039295995	522153	0.368	1.161	1.998	4.306	-0.644	-0.050
98394095	307463552	1039295983	522196	0.371	1.162	1.998	4.236	-0.597	-0.107
98595490	307463629	1039295971	522222	0.369	1.163	1.998	4.325	-0.648	-0.001
98796320	307463708	1039295957	522249	0.372	1.165	1.998	4.365	-0.664	-0.132
98994163	307463786	1039295944	522286	0.363	1.167	1.999	4.379	-0.651	0.000
99196334	307463864	1039295932	522316	0.361	1.169	1.999	4.269	-0.512	-0.058
99394196	307463942	1039295920	522322	0.361	1.170	1.999	4.366	-0.580	-0.024
99597004	307464021	1039295907	522328	0.395	1.172	2.001	4.312	-0.557	-0.064
99794086	307464100	1039295897	522333	0.411	1.176	2.005	4.417	-0.412	-0.044
99994096	307464178	1039295888	522380	0.410	1.179	2.010	4.265	-0.525	-0.213
100191160	307464255	1039295875	522402	0.402	1.182	2.013	4.283	-0.714	-0.154
100397102	307464333	1039295860	522405	0.400	1.186	2.017	4.363	-0.649	-0.068
100594143	307464412	1039295847	522417	0.400	1.189	2.021	4.401	-0.642	-0.050
100795126	307464491	1039295834	522440	0.390	1.192	2.026	4.350	-0.575	-0.098
100997081	307464568	1039295821	522475	0.387	1.195	2.030	4.303	-0.729	-0.039
101194807	307464647	1039295808	522499	0.388	1.197	2.034	4.389	-0.603	-0.147
101395182	307464725	1039295794	522459	0.388	1.200	2.038	4.343	-0.562	-0.053
101594195	307464804	1039295782	522475	0.388	1.201	2.041	4.419	-0.592	-0.059
101792087	307464883	1039295772	522517	0.387	1.201	2.044	4.356	-0.553	-0.012
102019227	307464961	1039295761	522529	0.398	1.202	2.048	4.385	-0.551	0.067
102197852	307465039	1039295749	522508	0.386	1.204	2.050	4.374	-0.602	-0.005
102395483	307465117	1039295737	522535	0.388	1.205	2.051	4.382	-0.637	-0.080
102596089	307465195	1039295723	522556	0.383	1.206	2.053	4.273	-0.752	0.033
102791390	307465271	1039295708	522545	0.367	1.206	2.053	4.285	-0.650	-0.106
102996091	307465347	1039295695	522532	0.368	1.207	2.053	4.214	-0.584	-0.010
103197085	307465423	1039295680	522500	0.362	1.208	2.053	4.278	-0.753	0.053
103396087	307465499	1039295664	522431	0.328	1.206	2.051	4.178	-0.676	0.201
103597089	307465575	1039295652	522429	0.357	1.205	2.049	4.270	-0.518	0.028
103798085	307465650	1039295640	522404	0.354	1.204	2.047	4.162	-0.630	-0.022
104017099	307465726	1039295625	522359	0.363	1.204	2.045	4.260	-0.644	0.051
104197089	307465800	1039295611	522357	0.354	1.203	2.043	4.045	-0.718	-0.008
104397086	307465874	1039295597	522369	0.363	1.203	2.041	4.187	-0.662	-0.002
104594094	307465949	1039295583	522349	0.369	1.203	2.040	4.097	-0.674	-0.010
104796598	307466024	1039295568	522354	0.375	1.203	2.043	4.146	-0.755	-0.048
104996364	307466098	1039295552	522384	0.375	1.204	2.045	3.983	-0.827	0.101
105196333	307466172	1039295534	522328	0.373	1.205	2.048	4.170	-0.795	0.030
105392305	307466247	1039295514	522273	0.360	1.206	2.049	4.069	-0.916	0.120
105597087	307466320	1039295494	522290	0.345	1.207	2.050	4.032	-1.118	-0.005
105797091	307466393	1039295469	522282	0.359	1.207	2.051	3.993	-1.206	0.034
105998089	307466465	1039295444	522318	0.353	1.207	2.050	3.981	-1.329	0.042
106197222	307466537	1039295417	522320	0.341	1.206	2.049	3.990	-1.280	-0.022
106397153	307466608	1039295387	522275	0.334	1.204	2.046	3.870	-1.440	-0.016
106595132	307466678	1039295357	522279	0.285	1.199	2.040	3.832	-1.426	-0.032
106798087	307466749	1039295324	522227	0.279	1.192	2.033	3.843	-1.444	-0.028
106996140	307466821	1039295289	522156	0.279	1.186	2.027	3.860	-1.612	0.058
107198529	307466892	1039295250	522035	0.256	1.177	2.017	3.687	-1.666	-0.001
107394058	307466960	1039295209	521960	0.272	1.170	2.009	3.634	-1.879	-0.028
107596089	307467027	1039295165	521831	0.258	1.162	2.002	3.563	-1.928	0.024
107798192	307467094	1039295122	521727	0.258	1.154	1.993	3.665	-1.878	0.077
107993971	307467159	1039295080	521709	0.255	1.146	1.986	3.540	-2.027	0.008
108196187	307467224	1039295036	521718	0.242	1.138	1.979	3.634	-2.088	-0.046
108397131	307467290	1039294989	521661	0.239	1.131	1.974	3.526	-2.143	-0.060
108597093	307467354	1039294942	521667	0.251	1.125	1.971	3.564	-2.270	-0.012
108797100	307467418	1039294893	521629	0.236	1.118	1.962	3.436	-2.252	0.045
108997086	307467481	1039294843	521590	0.224	1.109	1.954	3.434	-2.374	0.028
109197082	307467543	1039294792	521581	0.240	1.101	1.947	3.404	-2.486	-0.038
109397094	307467605	1039294740	521557	0.281	1.097	1.944	3.423	-2.338	-0.055
109597099	307467665	1039294688	521516	0.292	1.094	1.943	3.296	-2.480	-0.052
109796090	307467725	1039294634	521472	0.292	1.092	1.942	3.280	-2.553	0.020
110002092	307467784	1039294579	521428	0.259	1.086	1.935	3.278	-2.515	-0.013
110197105	307467842	1039294524	521370	0.221	1.078	1.920	3.211	-2.502	-0.034
110397126	307467899	1039294470	521357	0.258	1.073	1.913	3.171	-2.568	-0.138
110595089	307467956	1039294413	521298	0.257	1.066	1.906	3.150	-2.762	0.045
110797131	307468013	1039294351	521237	0.257	1.061	1.900	3.032	-2.981	0.079
110998085	307468067	1039294286	521198	0.268	1.057	1.895	2.860	-2.977	0.082
111197181	307468120	1039294221	521167	0.326	1.055	1.897	2.810	-3.119	0.054
111401248	307468170	1039294156	521161	0.329	1.055	1.900	2.674	-3.070	0.003
111597093	307468219	1039294092	521200	0.323	1.054	1.904	2.629	-3.093	-0.090
111798133	307468266	1039294025	521203	0.303	1.053	1.908	2.466	-3.272	-0.068
111997065	307468313	1039293955	521233	0.276	1.051	1.910	2.548	-3.380	-0.024
112197141	307468358	1039293885	521241	0.276	1.047	1.912	2.396	-3.303	-0.080
112397929	307468404	1039293816	521223	0.286	1.044	1.915	2.504	-3.254	0.050
112595126	307468448	1039293746	521238	0.284	1.042	1.918	2.359	-3.421	0.031
112796090	307468492	1039293676	521220	0.280	1.040	1.921	2.407	-3.328	0.043
113000099	307468536	1039293606	521223	0.286	1.038	1.925	2.342	-3.449	0.081
113190862	307468580	1039293534	521205	0.281	1.036	1.929	2.298	-3.447	0.078
113396132	307468621	1039293462	521221	0.222	1.033	1.927	2.146	-3.530	-0.087
113595175	307468661	1039293389	521195	0.237	1.029	1.927	2.076	-3.496	-0.017
113796093	307468699	1039293316	521194	0.233	1.026	1.926	2.156	-3.630	-0.215
113996089	307468737	1039293241	521186	0.250	1.022	1.926	2.055	-3.603	-0.009
114196089	307468774	1039293167	521230	0.264	1.020	1.929	1.991	-3.700	-0.031
114395153	307468811	1039293090	521203	0.224	1.016	1.928	1.772	-3.615	-0.002
114596181	307468846	1039293013	521171	0.195	1.012	1.924	1.869	-3.804	-0.054
114797103	307468879	1039292933	521130	0.186	1.007	1.919	1.608	-3.826	-0.064
114994088	307468909	1039292852	521089	0.187	1.001	1.913	1.581	-3.922	-0.005
115196120	307468937	1039292769	521003	0.211	0.997	1.911	1.301	-3.967	0.063
115394140	307468961	1039292686	520991	0.186	0.992	1.908	1.133	-4.014	-0.042
115594107	307468982	1039292602	520947	0.176	0.987	1.902	0.906	-4.014	0.104
115793127	307468999	1039292516	520874	0.185	0.981	1.898	0.806	-4.160	0.034
115997092	307469013	1039292431	520876	0.226	0.977	1.898	0.617	-4.115	0.020
116196396	307469023	1039292345	520814	0.232	0.973	1.899	0.429	-4.097	0.015
116397013	307469033	1039292259	520761	0.225	0.969	1.898	0.480	-4.163	0.051
116596362	307469042	1039292171	520727	0.229	0.964	1.896	0.317	-4.183	0.027
116796283	307469048	1039292084	520676	0.234	0.961	1.894	0.117	-4.199	-0.016
116997153	307469052	1039291997	520641	0.250	0.958	1.896	0.103	-4.154	0.132
117197099	307469055	1039291911	520591	0.228	0.954	1.893	0.109	-4.209	-0.039
117398085	307469058	1039291825	520536	0.232	0.950	1.891	0.114	-4.092	-0.005
117598152	307469060	1039291740	520492	0.238	0.947	1.891	-0.095	-4.129	-0.049
117795146	307469057	1039291655	520487	0.251	0.945	1.893	-0.175	-4.131	-0.022
117997182	307469056	1039291569	520468	0.247	0.944	1.896	-0.029	-4.248	-0.026
118198150	307469054	1039291483	520443	0.243	0.942	1.898	-0.172	-4.117	0.060
118392177	307469051	1039291398	520400	0.245	0.941	1.900	-0.218	-4.164	-0.010
118596090	307469045	1039291312	520388	0.261	0.940	1.906	-0.471	-4.190	0.021
118799282	307469037	1039291224	520371	0.245	0.939	1.912	-0.477	-4.286	0.048
119002794	307469028	1039291136	520362	0.251	0.939	1.918	-0.603	-4.251	-0.001
119199085	307469018	1039291048	520334	0.244	0.938	1.923	-0.512	-4.276	-0.058
119397084	307469008	1039290962	520349	0.263	0.938	1.930	-0.708	-4.123	-0.129
119597081	307468996	1039290876	520315	0.268	0.939	1.939	-0.705	-4.212	0.048
119797104	307468983	1039290791	520230	0.261	0.940	1.949	-0.975	-4.053	-0.075
120006704	307468965	1039290705	520239	0.250	0.940	1.957	-0.976	-4.223	0.032
120198716	307468947	1039290619	520208	0.241	0.939	1.965	-1.070	-4.082	-0.078
120398091	307468930	1039290534	520157	0.244	0.938	1.965	-1.042	-4.045	-0.054
120598091	307468911	1039290448	520137	0.266	0.938	1.975	-1.150	-4.117	-0.035
120799609	307468890	1039290361	520071	0.246	0.938	1.985	-1.208	-4.056	0.033
120994084	307468868	1039290276	519997	0.231	0.937	1.991	-1.414	-4.057	0.099
121198086	307468843	1039290189	519932	0.247	0.936	1.997	-1.487	-4.040	-0.043
121396091	307468816	1039290104	519956	0.260	0.935	2.003	-1.541	-3.942	-0.108
121597129	307468789	1039290021	519902	0.268	0.935	2.010	-1.656	-3.904	0.038
121798090	307468759	1039289939	519813	0.266	0.936	2.016	-1.731	-3.786	0.041
121997129	307468723	1039289858	519826	0.266	0.935	2.022	-2.109	-3.837	-0.044
122197244	307468687	1039289776	519793	0.265	0.935	2.029	-2.049	-3.966	-0.056
122397088	307468652	1039289697	519810	0.257	0.935	2.034	-1.848	-3.495	0.009
122599269	307468616	1039289621	519856	0.228	0.934	2.038	-2.061	-3.658	-0.116
122801292	307468579	1039289547	519796	0.229	0.932	2.042	-2.088	-3.463	-0.002
122999197	307468543	1039289473	519630	0.285	0.931	2.051	-2.244	-3.548	0.130
123201050	307468504	1039289401	519522	0.293	0.933	2.061	-2.253	-3.472	0.109
123397731	307468466	1039289329	519479	0.269	0.934	2.066	-2.106	-3.371	0.155
123592088	307468423	1039289258	519450	0.270	0.934	2.074	-2.574	-3.410	0.169
123795202	307468378	1039289189	519423	0.295	0.935	2.082	-2.435	-3.286	0.180
123996086	307468332	1039289120	519554	0.283	0.936	2.088	-2.550	-3.335	-0.081
124197895	307468286	1039289050	519575	0.295	0.937	2.094	-2.651	-3.354	0.133
124395099	307468234	1039288982	519634	0.331	0.939	2.108	-3.009	-3.182	-0.025
124597080	307468181	1039288917	519727	0.314	0.942	2.116	-2.889	-3.093	-0.065
124796087	307468129	1039288852	519743	0.363	0.944	2.122	-3.019	-3.176	-0.076
124996090	307468078	1039288788	519743	0.362	0.947	2.128	-2.760	-2.944	0.139
125196090	307468025	1039288728	519814	0.355	0.950	2.134	-3.011	-2.847	-0.006
125394703	307467971	1039288668	519830	0.361	0.952	2.140	-3.076	-2.834	-0.037
125596188	307467918	1039288610	519858	0.352	0.955	2.147	-2.985	-2.771	-0.094
125795594	307467865	1039288552	519895	0.355	0.957	2.154	-2.914	-2.735	0.038
125996144	307467811	1039288497	519859	0.370	0.961	2.162	-3.231	-2.667	-0.142
126193097	307467753	1039288442	519978	0.363	0.963	2.161	-3.266	-2.574	0.009
126395597	307467695	1039288386	520112	0.362	0.965	2.168	-3.136	-2.741	-0.214
126596126	307467639	1039288331	520119	0.372	0.967	2.175	-3.271	-2.550	-0.030
126797434	307467579	1039288278	520198	0.374	0.970	2.182	-3.476	-2.543	-0.214
126997143	307467520	1039288224	520315	0.379	0.972	2.190	-3.306	-2.583	-0.101
127197132	307467460	1039288171	520300	0.383	0.975	2.197	-3.518	-2.448	-0.119
127397146	307467398	1039288122	520447	0.360	0.976	2.207	-3.632	-2.152	-0.163
127599086	307467334	1039288077	520430	0.383	0.977	2.217	-3.725	-2.044	-0.163
127797192	307467267	1039288036	520436	0.415	0.980	2.228	-3.833	-1.833	-0.136
127998130	307467199	1039287996	520405	0.387	0.983	2.240	-3.818	-1.948	-0.057
128198087	307467130	1039287958	520393	0.405	0.986	2.254	-3.794	-1.720	-0.099
128398086	307467062	1039287922	520472	0.402	0.989	2.267	-3.812	-1.680	-0.001
128598486	307466995	1039287888	520566	0.378	0.992	2.275	-3.662	-1.529	-0.133
128792092	307466927	1039287856	520568	0.414	0.994	2.285	-3.919	-1.433	-0.068
128998023	307466856	1039287827	520483	0.411	0.996	2.294	-4.156	-1.278	-0.117
129198681	307466784	1039287801	520398	0.391	0.998	2.296	-4.045	-1.143	0.080
129396088	307466710	1039287782	520393	0.419	1.001	2.309	-4.224	-0.731	-0.086
129596124	307466635	1039287766	520422	0.422	1.005	2.320	-4.184	-0.805	0.067
129797098	307466560	1039287749	520392	0.385	1.008	2.331	-4.106	-0.828	-0.001
129997084	307466487	1039287733	520438	0.386	1.011	2.343	-4.046	-0.678	-0.150
130197093	307466415	1039287722	520440	0.408	1.015	2.356	-4.020	-0.436	-0.079
130397086	307466342	1039287713	520566	0.388	1.018	2.368	-4.064	-0.345	-0.163
130598088	307466270	1039287707	520685	0.385	1.021	2.374	-3.939	-0.197	-0.173
130798121	307466202	1039287703	520819	0.320	1.022	2.372	-3.832	-0.104	-0.064
131000064	307466133	1039287701	520789	0.310	1.022	2.370	-3.854	-0.071	-0.056
131199538	307466062	1039287702	520829	0.333	1.022	2.363	-4.000	0.038	-0.094
131394084	307465993	1039287704	520839	0.363	1.022	2.353	-3.740	0.181	-0.218
131598131	307465926	1039287706	520829	0.362	1.023	2.345	-3.599	0.098	0.045
131800384	307465864	1039287706	520914	0.353	1.025	2.345	-3.328	-0.225	0.101
132000443	307465800	1039287708	520877	0.372	1.026	2.341	-3.742	0.386	-0.096
132198089	307465734	1039287716	520857	0.401	1.029	2.340	-3.522	0.391	-0.042
132400237	307465670	1039287725	520893	0.397	1.032	2.342	-3.586	0.342	-0.116
132599185	307465605	1039287732	520873	0.409	1.036	2.341	-3.534	0.351	-0.051
132802087	307465542	1039287739	520952	0.396	1.039	2.339	-3.472	0.301	-0.194
133001101	307465478	1039287747	521007	0.410	1.042	2.338	-3.547	0.350	-0.070
133199101	307465414	1039287756	521024	0.394	1.045	2.337	-3.665	0.489	-0.094
133401954	307465348	1039287767	521058	0.363	1.047	2.334	-3.595	0.512	-0.106
133600133	307465286	1039287777	521070	0.330	1.048	2.329	-3.243	0.449	-0.120
133798506	307465227	1039287787	521066	0.329	1.048	2.325	-3.247	0.405	0.053
133995155	307465167	1039287799	521103	0.351	1.049	2.321	-3.358	0.710	0.000
134197981	307465108	1039287813	521175	0.335	1.050	2.319	-3.207	0.569	-0.092
134398243	307465051	1039287825	521209	0.330	1.050	2.317	-3.142	0.574	-0.135
134597090	307464996	1039287838	521211	0.398	1.053	2.317	-2.976	0.588	-0.043
134799299	307464945	1039287850	521202	0.407	1.056	2.317	-2.753	0.647	-0.071
134999090	307464896	1039287865	521234	0.400	1.060	2.319	-2.718	0.666	-0.042
135200092	307464848	1039287878	521307	0.390	1.063	2.318	-2.488	0.470	-0.105
135400090	307464804	1039287888	521319	0.415	1.066	2.317	-2.338	0.589	-0.180
135600161	307464761	1039287900	521372	0.370	1.068	2.316	-2.287	0.472	-0.168
135799596	307464719	1039287909	521361	0.367	1.070	2.315	-2.194	0.415	-0.054
136000090	307464681	1039287916	521272	0.368	1.072	2.312	-1.983	0.414	-0.072
136200395	307464645	1039287922	521182	0.363	1.073	2.311	-1.874	0.337	-0.043
136398092	307464612	1039287927	521213	0.361	1.074	2.310	-1.710	0.133	0.045
