-0.104861	0.043117	-2.969098
-0.104861	0.043117	-2.969098
-0.104861	0.043117	-2.969098
-0.104855	0.043156	-2.969087
-0.104855	0.043156	-2.969087
-0.104853	0.043198	-2.969076
-0.104853	0.043198	-2.969076
-0.104846	0.043241	-2.969067
-0.104846	0.043241	-2.969067
-0.104846	0.043241	-2.969067
-0.104844	0.043273	-2.969068
-0.104844	0.043273	-2.969068
-0.104852	0.043310	-2.969055
-0.104852	0.043310	-2.969055
-0.104844	0.043343	-2.969045
-0.104844	0.043343	-2.969045
0.009989	0.017317	-2.806637
0.009989	0.017317	-2.806637
0.102227	0.009540	-2.675509
0.102227	0.009540	-2.675509
0.102227	0.009540	-2.675509
0.182046	0.016196	-2.567390
0.182046	0.016196	-2.567390
0.182046	0.016196	-2.567390
0.181684	0.016335	-2.567879
0.181684	0.016335	-2.567879
0.181333	0.016473	-2.568350
0.181333	0.016473	-2.568350
0.180982	0.016596	-2.568841
0.180982	0.016596	-2.568841
0.180616	0.016739	-2.569326
0.180616	0.016739	-2.569326
0.180616	0.016739	-2.569326
0.180258	0.016887	-2.569816
0.180258	0.016887	-2.569816
0.179893	0.017013	-2.570299
0.179893	0.017013	-2.570299
0.179893	0.017013	-2.570299
0.179524	0.017140	-2.570789
0.179524	0.017140	-2.570789
0.179164	0.017314	-2.571261
0.179164	0.017314	-2.571261
0.179164	0.017314	-2.571261
0.250992	0.034162	-2.477113
0.250992	0.034162	-2.477113
0.250418	0.034306	-2.477872
0.250418	0.034306	-2.477872
0.313628	0.057385	-2.397759
0.313628	0.057385	-2.397759
0.344374	0.100431	-2.385948
0.344374	0.100431	-2.385948
0.394251	0.121171	-2.320347
0.394251	0.121171	-2.320347
0.393160	0.121253	-2.321661
0.393160	0.121253	-2.321661
0.392069	0.121346	-2.322974
0.392069	0.121346	-2.322974
0.392069	0.121346	-2.322974
0.390970	0.121441	-2.324276
0.390970	0.121441	-2.324276
0.389872	0.121522	-2.325586
0.389872	0.121522	-2.325586
0.389872	0.121522	-2.325586
0.388770	0.121602	-2.326895
0.388770	0.121602	-2.326895
0.387672	0.121688	-2.328205
0.387672	0.121688	-2.328205
0.387672	0.121688	-2.328205
0.386576	0.121773	-2.329515
0.386576	0.121773	-2.329515
0.386576	0.121773	-2.329515
0.385480	0.121856	-2.330835
0.385480	0.121856	-2.330835
0.384382	0.121935	-2.332161
0.383293	0.122005	-2.333473
0.383293	0.122005	-2.333473
0.431593	0.145157	-2.271094
0.472547	0.168764	-2.218638
0.472547	0.168764	-2.218638
0.507681	0.191816	-2.174188
0.580964	0.250166	-2.150461
0.580964	0.250166	-2.150461
0.600473	0.265521	-2.120178
0.617273	0.280039	-2.094035
0.617273	0.280039	-2.094035
0.614624	0.279908	-2.096878
0.614624	0.279908	-2.096878
0.611972	0.279782	-2.099712
0.611972	0.279782	-2.099712
0.609327	0.279675	-2.102423
0.609327	0.279675	-2.102423
0.606683	0.279516	-2.105256
0.606683	0.279516	-2.105256
0.606683	0.279516	-2.105256
0.604031	0.279351	-2.108091
0.604031	0.279351	-2.108091
0.601375	0.279183	-2.110929
0.601375	0.279183	-2.110929
0.601375	0.279183	-2.110929
0.598722	0.279003	-2.113777
0.598722	0.279003	-2.113777
0.596073	0.278817	-2.116608
0.596073	0.278817	-2.116608
0.596073	0.278817	-2.116608
0.593427	0.278616	-2.119446
0.593427	0.278616	-2.119446
0.613471	0.294570	-2.090748
0.613471	0.294570	-2.090748
0.613471	0.294570	-2.090748
0.630239	0.309536	-2.066496
0.630239	0.309536	-2.066496
0.627102	0.309249	-2.069872
0.627102	0.309249	-2.069872
0.627102	0.309249	-2.069872
0.741243	0.350330	-2.056685
0.741243	0.350330	-2.056685
0.737638	0.350093	-2.060044
0.737638	0.350093	-2.060044
0.737638	0.350093	-2.060044
0.734024	0.349852	-2.063395
0.734024	0.349852	-2.063395
0.730411	0.349598	-2.066745
0.730411	0.349598	-2.066745
0.730411	0.349598	-2.066745
0.726801	0.349325	-2.070094
0.726801	0.349325	-2.070094
0.726801	0.349325	-2.070094
0.723196	0.349041	-2.073438
0.719602	0.348744	-2.076782
0.719602	0.348744	-2.076782
0.719602	0.348744	-2.076782
0.716006	0.348433	-2.080123
0.716006	0.348433	-2.080123
0.725403	0.359214	-2.061265
0.725403	0.359214	-2.061265
0.725403	0.359214	-2.061265
0.733327	0.369215	-2.044658
0.733327	0.369215	-2.044658
0.729322	0.368783	-2.048492
0.729322	0.368783	-2.048492
0.729322	0.368783	-2.048492
0.736702	0.378769	-2.033854
0.736702	0.378769	-2.033854
0.732508	0.378287	-2.037883
0.732508	0.378287	-2.037883
0.728316	0.377772	-2.041925
0.728316	0.377772	-2.041925
0.724129	0.377239	-2.045963
0.724129	0.377239	-2.045963
0.724129	0.377239	-2.045963
0.719945	0.376700	-2.049994
0.719945	0.376700	-2.049994
0.715767	0.376165	-2.054007
0.715767	0.376165	-2.054007
0.711589	0.375606	-2.058026
0.711589	0.375606	-2.058026
0.868846	0.407474	-2.073710
0.868846	0.407474	-2.073710
0.868846	0.407474	-2.073710
0.863952	0.407029	-2.077473
0.863952	0.407029	-2.077473
0.859063	0.406573	-2.081223
0.859063	0.406573	-2.081223
0.859063	0.406573	-2.081223
0.862644	0.414606	-2.068108
0.862644	0.414606	-2.068108
0.865461	0.422321	-2.056649
0.865461	0.422321	-2.056649
0.865461	0.422321	-2.056649
0.860229	0.421746	-2.060825
0.860229	0.421746	-2.060825
0.855013	0.421147	-2.064983
0.855013	0.421147	-2.064983
0.849806	0.420539	-2.069128
0.849806	0.420539	-2.069128
0.843905	0.419175	-2.072746
0.843905	0.419175	-2.072746
0.843905	0.419175	-2.072746
0.838701	0.418523	-2.076895
0.838701	0.418523	-2.076895
0.833508	0.417857	-2.081034
0.833508	0.417857	-2.081034
0.833508	0.417857	-2.081034
0.828307	0.417175	-2.085186
0.828307	0.417175	-2.085186
0.823121	0.416469	-2.089311
0.823121	0.416469	-2.089311
0.823121	0.416469	-2.089311
0.817945	0.415730	-2.093439
0.817945	0.415730	-2.093439
0.812772	0.414988	-2.097573
0.812772	0.414988	-2.097573
0.812772	0.414988	-2.097573
0.821193	0.425883	-2.079103
0.821193	0.425883	-2.079103
1.038229	0.482402	-2.099021
1.038229	0.482402	-2.099021
1.031353	0.481716	-2.103290
1.031353	0.481716	-2.103290
1.024487	0.481002	-2.107546
1.024487	0.481002	-2.107546
1.024487	0.481002	-2.107546
1.017619	0.480256	-2.111807
1.017619	0.480256	-2.111807
1.010768	0.479477	-2.116044
1.010768	0.479477	-2.116044
1.010768	0.479477	-2.116044
1.003927	0.478677	-2.120274
1.003927	0.478677	-2.120274
0.997082	0.477853	-2.124508
0.997082	0.477853	-2.124508
0.997082	0.477853	-2.124508
0.990244	0.477007	-2.128733
0.990244	0.477007	-2.128733
0.990244	0.477007	-2.128733
0.983417	0.476136	-2.132930
0.983417	0.476136	-2.132930
0.974218	0.472049	-2.135782
0.974218	0.472049	-2.135782
0.974218	0.472049	-2.135782
0.967437	0.471133	-2.139970
0.967437	0.471133	-2.139970
0.967437	0.471133	-2.139970
0.971883	0.482381	-2.122910
0.971883	0.482381	-2.122910
0.971883	0.482381	-2.122910
0.974331	0.493492	-2.109450
0.974331	0.493492	-2.109450
0.974331	0.493492	-2.109450
0.967130	0.492393	-2.114170
0.967130	0.492393	-2.114170
0.969191	0.503567	-2.101801
0.969191	0.503567	-2.101801
0.969191	0.503567	-2.101801
0.961797	0.502353	-2.106736
0.961797	0.502353	-2.106736
0.954409	0.501103	-2.111661
0.954409	0.501103	-2.111661
1.241123	0.587578	-2.158002
1.241123	0.587578	-2.158002
1.241123	0.587578	-2.158002
1.231355	0.586454	-2.162745
1.231355	0.586454	-2.162745
1.231355	0.586454	-2.162745
1.221592	0.585284	-2.167484
1.221592	0.585284	-2.167484
1.221592	0.585284	-2.167484
1.211853	0.584077	-2.172210
1.211853	0.584077	-2.172210
1.202123	0.582835	-2.176912
1.202123	0.582835	-2.176912
1.192404	0.581564	-2.181598
1.192404	0.581564	-2.181598
1.192404	0.581564	-2.181598
1.182691	0.580253	-2.186287
1.182691	0.580253	-2.186287
1.179964	0.594484	-2.174107
1.179964	0.594484	-2.174107
1.179964	0.594484	-2.174107
1.169548	0.599330	-2.162512
1.169548	0.599330	-2.162512
1.165983	0.612822	-2.152739
1.165983	0.612822	-2.152739
1.155835	0.611144	-2.158067
1.155835	0.611144	-2.158067
1.145712	0.609417	-2.163348
1.145712	0.609417	-2.163348
1.135604	0.607643	-2.168620
1.135604	0.607643	-2.168620
1.125525	0.605820	-2.173856
1.125525	0.605820	-2.173856
1.115456	0.603961	-2.179081
1.115456	0.603961	-2.179081
1.105430	0.602068	-2.184262
1.105430	0.602068	-2.184262
1.105430	0.602068	-2.184262
1.503915	0.767801	-2.171264
1.503915	0.767801	-2.171264
1.488935	0.765927	-2.177789
1.488935	0.765927	-2.177789
1.474487	0.763794	-2.184298
1.474487	0.763794	-2.184298
1.460613	0.780250	-2.180510
1.460613	0.780250	-2.180510
1.447622	0.795611	-2.175609
1.447622	0.795611	-2.175609
1.432585	0.793328	-2.182385
1.432585	0.793328	-2.182385
1.432585	0.793328	-2.182385
1.417522	0.790991	-2.189492
1.417522	0.790991	-2.189492
1.402984	0.788370	-2.196609
1.402984	0.788370	-2.196609
1.388128	0.785755	-2.203198
1.388128	0.785755	-2.203198
1.352362	0.763128	-2.216725
1.352362	0.763128	-2.216725
1.338258	0.760080	-2.222919
1.338258	0.760080	-2.222919
1.324271	0.757280	-2.228829
1.324271	0.757280	-2.228829
1.324271	0.757280	-2.228829
1.310097	0.754334	-2.235025
1.310097	0.754334	-2.235025
1.295786	0.751435	-2.241024
1.295786	0.751435	-2.241024
1.281608	0.748519	-2.246845
1.281608	0.748519	-2.246845
1.281608	0.748519	-2.246845
1.272680	0.777913	-2.234317
1.272680	0.777913	-2.234317
1.261886	0.805887	-2.225219
1.261886	0.805887	-2.225219
1.261886	0.805887	-2.225219
1.960924	1.117864	-1.919526
1.960924	1.117864	-1.919526
1.927887	1.104131	-1.944127
1.927887	1.104131	-1.944127
1.898033	1.101589	-1.960955
1.898033	1.101589	-1.960955
1.868211	1.099026	-1.977577
1.868211	1.099026	-1.977577
1.868211	1.099026	-1.977577
1.838846	1.096020	-1.994095
1.838846	1.096020	-1.994095
1.809511	1.092801	-2.010670
1.809511	1.092801	-2.010670
1.781051	1.089425	-2.026827
1.781051	1.089425	-2.026827
1.753372	1.085953	-2.042005
1.753372	1.085953	-2.042005
1.726293	1.081882	-2.057508
1.726293	1.081882	-2.057508
1.622154	1.053799	-2.127838
1.622154	1.053799	-2.127838
1.596956	1.060629	-2.136509
1.596956	1.060629	-2.136509
1.596956	1.060629	-2.136509
1.572553	1.055528	-2.149352
1.572553	1.055528	-2.149352
1.547529	1.064067	-2.157793
1.547529	1.064067	-2.157793
1.522125	1.070928	-2.166920
1.522125	1.070928	-2.166920
1.497856	1.065424	-2.179971
1.497856	1.065424	-2.179971
1.473842	1.060005	-2.192640
1.473842	1.060005	-2.192640
1.450942	1.054715	-2.204410
1.450942	1.054715	-2.204410
-2.452994	1.187391	-0.071629
-2.452994	1.187391	-0.071629
-2.481063	1.202550	-0.082139
-2.481063	1.202550	-0.082139
-2.510681	1.217611	-0.094586
-2.510681	1.217611	-0.094586
-2.544166	1.232439	-0.110411
-2.544166	1.232439	-0.110411
-2.578773	1.247364	-0.128047
-2.578773	1.247364	-0.128047
-2.616899	1.261895	-0.148051
-2.616899	1.261895	-0.148051
-2.657236	1.276128	-0.170810
-2.657236	1.276128	-0.170810
2.832532	1.209023	-1.097387
2.832532	1.209023	-1.097387
2.613068	1.139512	-1.365071
2.613068	1.139512	-1.365071
2.351229	1.110808	-1.621270
2.351229	1.110808	-1.621270
2.302930	1.109470	-1.653098
2.302930	1.109470	-1.653098
2.254400	1.107462	-1.684534
2.254400	1.107462	-1.684534
2.206605	1.104492	-1.715880
2.206605	1.104492	-1.715880
2.159477	1.100929	-1.746606
2.159477	1.100929	-1.746606
2.113225	1.096749	-1.777175
2.113225	1.096749	-1.777175
2.067023	1.092252	-1.806375
2.067023	1.092252	-1.806375
-2.138346	0.684624	0.383162
-2.138346	0.684624	0.383162
-2.168215	0.714027	0.377567
-2.168215	0.714027	0.377567
-2.198346	0.743565	0.371743
-2.198346	0.743565	0.371743
-2.128867	0.674189	0.608867
-2.128867	0.674189	0.608867
-2.159280	0.704170	0.602454
-2.159280	0.704170	0.602454
-2.137812	0.642959	0.767022
-2.137812	0.642959	0.767022
-2.145835	0.596923	0.880489
-2.145835	0.596923	0.880489
-2.175176	0.628498	0.872219
-2.175176	0.628498	0.872219
-2.206162	0.659548	0.862105
-2.206162	0.659548	0.862105
-2.167570	0.662728	1.015071
-2.167570	0.662728	1.015071
-2.198256	0.693872	1.004790
-2.198256	0.693872	1.004790
-2.198256	0.693872	1.004790
-2.230729	0.724659	0.992659
-2.230729	0.724659	0.992659
-2.265047	0.754866	0.978803
-2.265047	0.754866	0.978803
-2.300782	0.784796	0.962722
-2.300782	0.784796	0.962722
-2.338253	0.814669	0.944909
-2.338253	0.814669	0.944909
-2.378006	0.843654	0.925017
-2.378006	0.843654	0.925017
-2.401837	0.802189	1.003574
-2.401837	0.802189	1.003574
-2.401837	0.802189	1.003574
-2.435844	0.774418	1.055964
-2.435844	0.774418	1.055964
-2.249021	0.435904	0.855086
-2.249021	0.435904	0.855086
-2.249021	0.435904	0.855086
-2.298601	0.484684	0.824528
-2.298601	0.484684	0.824528
-2.350157	0.532005	0.790934
-2.350157	0.532005	0.790934
-2.350157	0.532005	0.790934
-2.406576	0.576501	0.752666
-2.406576	0.576501	0.752666
-2.466474	0.618960	0.710399
-2.466474	0.618960	0.710399
-2.531144	0.658957	0.663252
-2.531144	0.658957	0.663252
-2.599630	0.697350	0.611785
-2.599630	0.697350	0.611785
-2.672208	0.733924	0.554741
-2.672208	0.733924	0.554741
-2.750758	0.766466	0.492388
-2.750758	0.766466	0.492388
-2.750758	0.766466	0.492388
-2.707798	0.759156	0.722090
-2.707798	0.759156	0.722090
-2.789728	0.788198	0.655677
-2.789728	0.788198	0.655677
-2.848003	0.768013	0.709143
-2.848003	0.768013	0.709143
-2.911338	0.750759	0.743641
-2.911338	0.750759	0.743641
-2.996738	0.769250	0.669901
-2.996738	0.769250	0.669901
-3.060308	0.749747	0.698326
-3.060308	0.749747	0.698326
3.136201	0.759552	0.620798
3.136201	0.759552	0.620798
-2.774116	1.078777	0.327991
-2.774116	1.078777	0.327991
-2.969162	1.104503	0.167931
-2.969162	1.104503	0.167931
3.105720	1.114772	-0.005448
3.105720	1.114772	-0.005448
2.896286	1.108732	-0.180106
2.896286	1.108732	-0.180106
2.896286	1.108732	-0.180106
2.697975	1.087180	-0.343595
2.697975	1.087180	-0.343595
2.519059	1.052060	-0.487635
2.519059	1.052060	-0.487635
2.362924	1.005869	-0.608776
2.362924	1.005869	-0.608776
2.362924	1.005869	-0.608776
2.228710	0.951077	-0.707643
2.228710	0.951077	-0.707643
2.032587	0.841351	-0.983383
2.032587	0.841351	-0.983383
1.960647	0.930947	-0.889654
1.960647	0.930947	-0.889654
1.870507	0.859859	-0.938418
1.870507	0.859859	-0.938418
1.792193	0.786596	-0.974343
1.792193	0.786596	-0.974343
1.723267	0.711658	-1.000220
1.723267	0.711658	-1.000220
1.660877	0.635474	-1.018348
1.660877	0.635474	-1.018348
1.660877	0.635474	-1.018348
1.602894	0.558465	-1.029908
1.602894	0.558465	-1.029908
1.548473	0.480989	-1.035863
1.548473	0.480989	-1.035863
1.334541	0.364143	-1.895346
1.257429	0.271692	-1.880448
1.257429	0.271692	-1.880448
1.257429	0.271692	-1.880448
1.180457	0.180669	-1.858673
1.180457	0.180669	-1.858673
1.180457	0.180669	-1.858673
1.102403	0.091567	-1.830238
1.102403	0.091567	-1.830238
1.019371	0.002738	-1.799978
1.019371	0.002738	-1.799978
0.932251	-0.083254	-1.763193
0.932251	-0.083254	-1.763193
0.932251	-0.083254	-1.763193
0.843458	-0.162452	-1.713089
0.843458	-0.162452	-1.713089
0.743877	-0.241308	-1.664103
0.743877	-0.241308	-1.664103
0.643288	-0.309500	-1.597578
0.643288	-0.309500	-1.597578
0.482444	0.035746	-1.326319
0.482444	0.035746	-1.326319
0.400643	-0.011905	-1.245744
0.400643	-0.011905	-1.245744
0.400643	-0.011905	-1.245744
0.315483	-0.052630	-1.161378
0.315483	-0.052630	-1.161378
0.315483	-0.052630	-1.161378
0.226577	-0.085892	-1.073686
0.134550	-0.111074	-0.983146
0.134550	-0.111074	-0.983146
0.134550	-0.111074	-0.983146
0.040430	-0.127732	-0.890427
0.040430	-0.127732	-0.890427
-0.055229	-0.135554	-0.796371
-0.221074	-0.137537	-0.758214
-0.221074	-0.137537	-0.758214
0.352240	-1.270811	-1.551178
0.352240	-1.270811	-1.551178
-0.154760	-1.336950	-1.158679
-0.154760	-1.336950	-1.158679
-0.754168	-1.319242	-0.646084
-0.754168	-1.319242	-0.646084
-1.285415	-1.272621	-0.275298
-1.541417	-1.162961	-0.111103
-1.541417	-1.162961	-0.111103
-1.706818	-1.044015	-0.039377
-1.706818	-1.044015	-0.039377
-1.833011	-0.922752	-0.011169
-1.833011	-0.922752	-0.011169
-1.934599	-0.799617	-0.011083
-1.934599	-0.799617	-0.011083
-1.561117	-0.593740	0.068585
-1.561117	-0.593740	0.068585
-1.680283	-0.474179	0.101907
-1.680283	-0.474179	0.101907
-1.680283	-0.474179	0.101907
-1.788791	-0.351482	0.119116
-1.788791	-0.351482	0.119116
-1.891354	-0.228270	0.122542
-1.891354	-0.228270	0.122542
-1.891354	-0.228270	0.122542
-1.991639	-0.106041	0.112740
-1.991639	-0.106041	0.112740
-2.110700	0.002991	0.010129
-2.110700	0.002991	0.010129
-2.110700	0.002991	0.010129
-2.215756	0.119309	-0.026790
-2.215756	0.119309	-0.026790
-2.343025	0.217977	-0.151293
-2.343025	0.217977	-0.151293
-2.343025	0.217977	-0.151293
-2.478825	0.307854	-0.287046
-2.478825	0.307854	-0.287046
-2.683918	-0.025737	0.166097
-2.800876	0.073500	0.046543
-2.800876	0.073500	0.046543
-2.926840	0.161046	-0.085663
-3.066540	0.228803	-0.229570
3.065005	0.275636	-0.383056
3.065005	0.275636	-0.383056
2.905793	0.298020	-0.542790
2.905793	0.298020	-0.542790
2.744654	0.295948	-0.704154
2.744654	0.295948	-0.704154
2.744654	0.295948	-0.704154
2.586815	0.269385	-0.862124
2.586815	0.269385	-0.862124
2.436206	0.219172	-1.013529
2.436206	0.219172	-1.013529
2.436206	0.219172	-1.013529
2.400433	0.729623	-0.398515
2.179350	0.644754	-0.565508
2.179350	0.644754	-0.565508
1.986677	0.499650	-0.772391
1.986677	0.499650	-0.772391
1.830097	0.373514	-0.869661
1.695155	0.211674	-0.997587
1.695155	0.211674	-0.997587
1.574829	0.047039	-1.097812
1.574829	0.047039	-1.097812
1.574829	0.047039	-1.097812
1.460757	-0.103571	-1.132796
1.460757	-0.103571	-1.132796
1.152589	-0.202665	-1.185069
1.152589	-0.202665	-1.185069
1.001658	-0.371271	-1.136254
1.001658	-0.371271	-1.136254
0.827207	-0.529836	-1.054587
0.827207	-0.529836	-1.054587
0.615568	-0.671007	-0.930144
0.615568	-0.671007	-0.930144
0.360141	-0.785520	-0.752972
0.360141	-0.785520	-0.752972
0.051421	-0.858633	-0.519598
0.051421	-0.858633	-0.519598
-0.291502	-0.876788	-0.250436
-0.291502	-0.876788	-0.250436
-0.625322	-0.835595	0.009202
-0.625322	-0.835595	0.009202
-0.625322	-0.835595	0.009202
-0.966002	-0.774852	0.174999
-0.966002	-0.774852	0.174999
-0.284833	-0.478034	0.483237
-0.284833	-0.478034	0.483237
-0.284833	-0.478034	0.483237
-0.497117	-0.432196	0.715174
-0.497117	-0.432196	0.715174
-0.696539	-0.356106	0.923328
-0.696539	-0.356106	0.923328
-0.882526	-0.258640	1.073606
-0.882526	-0.258640	1.073606
-1.048003	-0.137468	1.199774
-1.048003	-0.137468	1.199774
-1.195873	0.001281	1.303297
-1.195873	0.001281	1.303297
-1.330088	0.153268	1.386587
-1.330088	0.153268	1.386587
-1.454746	0.314892	1.451283
-1.454746	0.314892	1.451283
-1.454746	0.314892	1.451283
-1.985159	0.498255	0.627326
-1.985159	0.498255	0.627326
-2.201273	0.685806	0.541179
-2.201273	0.685806	0.541179
-2.482702	0.849721	0.380253
-2.482702	0.849721	0.380253
-2.860569	0.967939	0.115883
-2.860569	0.967939	0.115883
2.880759	0.948580	-0.390117
2.880759	0.948580	-0.390117
2.880759	0.948580	-0.390117
2.448073	0.835317	-0.778753
2.448073	0.835317	-0.778753
2.128501	0.706275	-0.993759
2.128501	0.706275	-0.993759
2.128501	0.706275	-0.993759
1.886761	0.508992	-1.170389
1.886761	0.508992	-1.170389
1.686631	0.322242	-1.251319
1.686631	0.322242	-1.251319
1.602974	1.065127	-0.433591
1.602974	1.065127	-0.433591
1.602974	1.065127	-0.433591
1.409932	0.866103	-0.457129
1.409932	0.866103	-0.457129
1.409932	0.866103	-0.457129
1.257025	0.667911	-0.428842
1.257025	0.667911	-0.428842
1.117464	0.474779	-0.370190
1.117464	0.474779	-0.370190
0.975417	0.290368	-0.287678
0.975417	0.290368	-0.287678
0.822486	0.118736	-0.183192
0.822486	0.118736	-0.183192
0.822486	0.118736	-0.183192
0.657060	-0.035157	-0.055669
0.657060	-0.035157	-0.055669
0.468999	-0.163676	0.098170
0.468999	-0.163676	0.098170
0.468999	-0.163676	0.098170
0.882121	-0.960184	-1.993722
0.882121	-0.960184	-1.993722
0.882121	-0.960184	-1.993722
0.404515	-1.161804	-1.667202
0.404515	-1.161804	-1.667202
0.404515	-1.161804	-1.667202
-0.432583	-1.254895	-1.027453
-0.432583	-1.254895	-1.027453
-1.227232	-1.158893	-0.474255
-1.227232	-1.158893	-0.474255
-1.227232	-1.158893	-0.474255
-1.586129	-0.922522	-0.276120
-1.586129	-0.922522	-0.276120
-1.802373	-0.668442	-0.234112
-1.802373	-0.668442	-0.234112
-1.802373	-0.668442	-0.234112
-1.975938	-0.413286	-0.257483
-1.975938	-0.413286	-0.257483
-2.142694	-0.165332	-0.323338
-2.142694	-0.165332	-0.323338
-2.142694	-0.165332	-0.323338
-2.323245	0.068079	-0.428426
-2.323245	0.068079	-0.428426
-1.632587	0.242066	1.376536
-1.632587	0.242066	1.376536
-1.817394	0.494424	1.393354
-1.817394	0.494424	1.393354
-2.032004	0.745166	1.350968
-2.032004	0.745166	1.350968
-2.335077	0.979750	1.201482
-2.335077	0.979750	1.201482
-2.770843	1.147722	0.977985
-2.770843	1.147722	0.977985
2.855141	1.212862	0.551248
2.855141	1.212862	0.551248
2.132362	1.102272	-0.027213
2.132362	1.102272	-0.027213
1.966264	0.434700	-1.089601
1.966264	0.434700	-1.089601
1.710722	0.167044	-1.232061
1.710722	0.167044	-1.232061
1.497118	-0.124769	-1.302695
1.497118	-0.124769	-1.302695
1.287370	-0.424885	-1.310965
1.287370	-0.424885	-1.310965
1.036036	-0.719110	-1.238838
1.036036	-0.719110	-1.238838
0.652568	-0.981040	-1.012575
0.652568	-0.981040	-1.012575
-0.030511	-1.134493	-0.475940
-0.030511	-1.134493	-0.475940
-0.829133	-1.064200	0.178048
-0.829133	-1.064200	0.178048
-1.314350	-0.832448	0.511902
-1.314350	-0.832448	0.511902
-1.314350	-0.832448	0.511902
-0.802966	-0.811592	1.511773
-0.802966	-0.811592	1.511773
-1.196244	-0.591613	1.788299
-1.196244	-0.591613	1.788299
-1.472905	-0.320954	1.922043
-1.472905	-0.320954	1.922043
-1.697855	-0.027207	1.975027
-1.697855	-0.027207	1.975027
-1.915379	0.269921	1.953760
-1.915379	0.269921	1.953760
-2.167025	0.556821	1.864249
-2.167025	0.556821	1.864249
-2.515976	0.807318	1.654228
-2.515976	0.807318	1.654228
-3.046327	0.966337	1.251062
-3.046327	0.966337	1.251062
2.960214	1.191072	-0.580106
2.960214	1.191072	-0.580106
1.995678	1.027364	-1.361990
1.995678	1.027364	-1.361990
1.550885	0.687904	-1.608699
1.550885	0.687904	-1.608699
1.550885	0.687904	-1.608699
1.277606	0.315155	-1.646161
1.277606	0.315155	-1.646161
1.030996	-0.053315	-1.581950
1.030996	-0.053315	-1.581950
1.030996	-0.053315	-1.581950
0.739648	-0.391802	-1.418943
0.739648	-0.391802	-1.418943
0.315178	-0.700426	-1.218168
0.315178	-0.700426	-1.218168
-0.281088	-0.800487	-0.722137
-0.281088	-0.800487	-0.722137
-0.943702	-0.734175	-0.414701
-0.943702	-0.734175	-0.414701
-0.943702	-0.734175	-0.414701
-0.656417	-0.743831	1.103905
-0.656417	-0.743831	1.103905
-0.656417	-0.743831	1.103905
-1.132216	-0.514473	1.468698
-1.132216	-0.514473	1.468698
-1.132216	-0.514473	1.468698
-1.458406	-0.189137	1.662549
-1.458406	-0.189137	1.662549
-1.458406	-0.189137	1.662549
-1.716611	0.174483	1.744265
-1.716611	0.174483	1.744265
-1.979374	0.546865	1.730198
-1.979374	0.546865	1.730198
-2.352284	0.897409	1.559075
-2.352284	0.897409	1.559075
-2.352284	0.897409	1.559075
-3.095154	1.133193	0.996047
-3.095154	1.133193	0.996047
2.205113	1.050472	0.189701
2.205113	1.050472	0.189701
1.911751	0.446176	-1.367553
1.911751	0.446176	-1.367553
1.589773	0.058055	-1.545972
1.589773	0.058055	-1.545972
1.339437	-0.372704	-1.664649
1.339437	-0.372704	-1.664649
1.339437	-0.372704	-1.664649
1.049002	-0.805496	-1.674303
1.049002	-0.805496	-1.674303
1.049002	-0.805496	-1.674303
0.490605	-1.194647	-1.441927
0.490605	-1.194647	-1.441927
-0.951676	-1.200395	-0.209345
-0.951676	-1.200395	-0.209345
-1.588341	-0.829204	0.206312
-1.588341	-0.829204	0.206312
-1.887283	-0.405433	0.244927
-1.887283	-0.405433	0.244927
-1.887283	-0.405433	0.244927
-1.586976	-0.193338	2.005554
-1.586976	-0.193338	2.005554
-1.865984	0.227913	2.040273
-1.865984	0.227913	2.040273
-1.865984	0.227913	2.040273
-2.188387	0.641134	1.940308
-2.188387	0.641134	1.940308
-2.744224	0.981317	1.566173
-2.744224	0.981317	1.566173
-2.744224	0.981317	1.566173
2.562146	1.048773	0.757453
2.562146	1.048773	0.757453
1.855932	0.769991	0.226036
1.855932	0.769991	0.226036
1.855932	0.769991	0.226036
1.485416	0.370629	0.060252
1.094508	-0.022328	0.492884
1.094508	-0.022328	0.492884
0.942980	0.144590	-2.168878
0.942980	0.144590	-2.168878
0.645652	-0.298531	-1.936187
0.645652	-0.298531	-1.936187
0.164165	-0.642182	-1.547193
0.164165	-0.642182	-1.547193
-0.586598	-0.759457	-1.040353
-0.586598	-0.759457	-1.040353
-1.257220	-0.541257	-0.706195
-1.257220	-0.541257	-0.706195
-1.604299	-0.085206	-0.489671
-1.872515	0.410671	-0.429193
-1.872515	0.410671	-0.429193
-2.224835	0.901747	-0.546592
-2.224835	0.901747	-0.546592
-2.163153	0.728108	2.392769
-2.163153	0.728108	2.392769
-2.863361	1.134466	1.885352
2.084887	1.075382	0.731605
2.084887	1.075382	0.731605
1.513373	0.636107	0.358313
1.513373	0.636107	0.358313
1.215060	0.140134	0.314921
0.921949	-0.346418	0.420217
0.921949	-0.346418	0.420217
0.464654	-0.764259	0.743747
0.464654	-0.764259	0.743747
0.464654	-0.764259	0.743747
-0.425854	-0.902719	1.631584
-0.425854	-0.902719	1.631584
-1.150814	-0.654383	2.248301
-1.150814	-0.654383	2.248301
-0.892541	0.767443	0.970932
-0.892541	0.767443	0.970932
-0.556771	0.987048	1.778818
-0.556771	0.987048	1.778818
-0.016494	0.952138	2.775073
-0.016494	0.952138	2.775073
0.234936	0.697918	-2.774328
0.234936	0.697918	-2.774328
0.220033	0.393327	-2.234920
0.220033	0.393327	-2.234920
0.220033	0.393327	-2.234920
0.051900	0.134795	-1.732050
0.051900	0.134795	-1.732050
-0.217336	-0.009899	-1.201786
-0.217336	-0.009899	-1.201786
-0.521429	0.004736	-0.653679
-0.776472	0.173684	-0.129387
-0.776472	0.173684	-0.129387
-0.776472	0.173684	-0.129387
0.433492	-0.171249	1.626943
0.433492	-0.171249	1.626943
0.433492	-0.171249	1.626943
-0.018426	-0.541173	1.730002
-0.018426	-0.541173	1.730002
-0.018426	-0.541173	1.730002
-0.645820	-0.615800	1.971760
-0.645820	-0.615800	1.971760
-0.645820	-0.615800	1.971760
-1.188282	-0.312087	2.485927
-1.188282	-0.312087	2.485927
-1.188282	-0.312087	2.485927
-1.592660	0.104250	2.127427
-1.592660	0.104250	2.127427
-1.855771	0.642475	2.238234
-1.855771	0.642475	2.238234
-2.266814	1.185270	2.109683
-2.266814	1.185270	2.109683
1.807036	1.296435	0.155568
1.807036	1.296435	0.155568
-2.353213	0.190755	2.495080
-2.353213	0.190755	2.495080
-2.803996	0.609367	2.116152
-2.803996	0.609367	2.116152
2.738668	0.761890	1.435496
2.738668	0.761890	1.435496
2.061142	0.522655	0.818885
2.061142	0.522655	0.818885
1.667859	0.069916	0.502028
1.667859	0.069916	0.502028
1.398408	-0.454680	0.358814
1.398408	-0.454680	0.358814
-0.075248	-1.205642	2.115201
-0.075248	-1.205642	2.115201
-0.586949	-0.816895	1.492269
-0.586949	-0.816895	1.492269
-0.586949	-0.816895	1.492269
-1.238485	-0.496336	2.054873
-1.238485	-0.496336	2.054873
-1.750965	0.953946	-2.367131
-1.750965	0.953946	-2.367131
-2.217300	1.494911	-2.537874
-2.217300	1.494911	-2.537874
1.194017	1.094299	1.163318
1.194017	1.094299	1.163318
0.996522	0.558748	1.297189
0.996522	0.558748	1.297189
0.762892	0.054373	1.508714
0.762892	0.054373	1.508714
0.407159	-0.371165	1.851515
0.407159	-0.371165	1.851515
-0.161310	-0.602895	2.409963
-0.161310	-0.602895	2.409963
-0.800919	-0.504268	3.040073
-0.800919	-0.504268	3.040073
-0.898179	-0.357437	2.646581
-0.898179	-0.357437	2.646581
-1.178069	0.028602	2.947792
-1.178069	0.028602	2.947792
-1.489098	0.419122	1.859155
-1.489098	0.419122	1.859155
-1.672520	0.901651	1.931694
-1.672520	0.901651	1.931694
-1.929788	1.349639	2.143250
-1.929788	1.349639	2.143250
2.737588	1.332007	1.597496
2.737588	1.332007	1.597496
1.716394	0.956768	0.749255
1.716394	0.956768	0.749255
1.716394	0.956768	0.749255
1.430918	0.474819	0.664942
1.430918	0.474819	0.664942
1.216336	-0.007880	0.722818
1.216336	-0.007880	0.722818
-0.232537	-0.479982	2.244665
-0.232537	-0.479982	2.244665
-0.663781	-0.326184	2.745205
-0.663781	-0.326184	2.745205
-0.961258	-0.017889	3.125688
-0.961258	-0.017889	3.125688
-1.138689	0.369507	-2.860611
-1.138689	0.369507	-2.860611
-1.205430	0.790349	-2.569337
-1.205430	0.790349	-2.569337
-1.002694	1.202067	-2.066791
-1.002694	1.202067	-2.066791
-0.803336	1.017132	-0.926468
-0.803336	1.017132	-0.926468
-0.581054	0.853358	-3.014126
-0.581054	0.853358	-3.014126
-0.174608	0.021428	-1.894748
-0.174608	0.021428	-1.894748
-0.395221	0.025400	-1.387000
-0.395221	0.025400	-1.387000
-0.580289	0.156629	-0.873200
-0.580289	0.156629	-0.873200
-0.680670	0.360741	-0.368275
-0.680670	0.360741	-0.368275
-0.680670	0.360741	-0.368275
-0.661053	0.586166	0.171320
-0.661053	0.586166	0.171320
-0.481337	0.764154	0.815037
-0.481337	0.764154	0.815037
-0.166823	0.809856	1.569428
-0.166823	0.809856	1.569428
0.100142	0.694174	2.283365
0.100142	0.694174	2.283365
0.100142	0.694174	2.283365
-0.755204	0.158546	3.043385
-0.755204	0.158546	3.043385
-0.845881	0.443140	-2.772430
-0.845881	0.443140	-2.772430
-0.845881	0.443140	-2.772430
-0.773575	0.734595	-2.237332
-0.773575	0.734595	-2.237332
-0.442330	0.934831	-1.495034
-0.442330	0.934831	-1.495034
-0.442330	0.934831	-1.495034
0.005676	0.932695	-0.580132
0.005676	0.932695	-0.580132
0.525127	0.442245	1.822799
0.525127	0.442245	1.822799
0.525127	0.442245	1.822799
0.405001	0.093890	2.236309
0.405001	0.093890	2.236309
0.463918	0.006166	1.464015
0.463918	0.006166	1.464015
0.619114	-0.326892	1.282679
0.619114	-0.326892	1.282679
0.154177	-0.560909	1.743278
0.154177	-0.560909	1.743278
0.154177	-0.560909	1.743278
-0.414947	-0.553958	2.304685
-0.414947	-0.553958	2.304685
-0.414947	-0.553958	2.304685
-0.871353	-0.310842	2.758226
-0.871353	-0.310842	2.758226
-0.871353	-0.310842	2.758226
-1.172951	0.066363	3.052334
-1.172951	0.066363	3.052334
-1.377705	0.504020	-3.032444
-1.377705	0.504020	-3.032444
-1.377705	0.504020	-3.032444
-1.543177	0.968432	-2.890343
-1.543177	0.968432	-2.890343
-1.758275	1.443354	-2.840131
-1.758275	1.443354	-2.840131
-1.758275	1.443354	-2.840131
1.398556	1.219420	0.573807
1.398556	1.219420	0.573807
1.398556	1.219420	0.573807
0.560764	0.575407	0.732587
0.560764	0.575407	0.732587
0.560764	0.575407	0.732587
0.464606	0.240827	1.461507
0.464606	0.240827	1.461507
0.297054	0.056893	1.534866
0.297054	0.056893	1.534866
0.297054	0.056893	1.534866
0.029717	-0.077708	1.992506
0.029717	-0.077708	1.992506
0.029717	-0.077708	1.992506
-0.270000	-0.076776	2.470630
-0.270000	-0.076776	2.470630
-0.537393	0.059853	2.926681
-0.537393	0.059853	2.926681
-0.723965	0.297162	-2.934879
-0.723965	0.297162	-2.934879
-0.802490	0.588628	-2.514200
-0.802490	0.588628	-2.514200
-0.114187	0.770338	3.015692
-0.114187	0.770338	3.015692
0.070437	0.726137	-2.626105
0.070437	0.726137	-2.626105
0.178277	0.611466	-2.043749
0.178277	0.611466	-2.043749
0.191940	0.469978	-1.520756
0.191940	0.469978	-1.520756
0.077151	0.260122	-1.001052
0.077151	0.260122	-1.001052
-0.231993	0.115462	-0.453677
-0.231993	0.115462	-0.453677
-0.568464	0.190950	-0.026553
-0.568464	0.190950	-0.026553
-0.697267	0.427067	0.399556
-0.697267	0.427067	0.399556
-0.697267	0.427067	0.399556
-0.708950	0.692489	0.858808
-0.708950	0.692489	0.858808
0.942262	0.476032	-1.387460
0.759699	0.082984	-1.111523
0.759699	0.082984	-1.111523
0.471718	-0.237855	-0.761381
0.471718	-0.237855	-0.761381
0.059104	-0.419392	-0.298514
0.059104	-0.419392	-0.298514
-0.408627	-0.393054	0.216658
-0.408627	-0.393054	0.216658
-0.792743	-0.170839	0.652868
-0.792743	-0.170839	0.652868
-1.052817	0.172229	0.979910
-1.052817	0.172229	0.979910
0.121083	0.489413	0.916732
0.121083	0.489413	0.916732
0.085625	0.395570	1.453544
0.085625	0.395570	1.453544
0.019895	0.314001	1.904768
0.019895	0.314001	1.904768
-0.067236	0.212030	2.284597
-0.067236	0.212030	2.284597
-0.220276	0.236518	2.762446
-0.220276	0.236518	2.762446
-0.542828	-0.115417	2.855454
-0.542828	-0.115417	2.855454
-0.798982	0.142629	-3.038540
-0.798982	0.142629	-3.038540
-0.953720	0.475114	-2.693839
-0.953720	0.475114	-2.693839
-0.953720	0.475114	-2.693839
0.496394	-0.195455	-1.076298
0.496394	-0.195455	-1.076298
0.101124	-0.387221	-0.620071
0.101124	-0.387221	-0.620071
-0.355960	-0.377716	-0.105909
-0.355960	-0.377716	-0.105909
-0.740875	-0.171047	0.341493
-0.740875	-0.171047	0.341493
-1.003710	0.161955	0.684007
-1.003710	0.161955	0.684007
-1.162080	0.559156	0.968160
-1.162080	0.559156	0.968160
-1.197678	0.981970	1.284052
-1.197678	0.981970	1.284052
-0.645436	1.361668	2.144946
-0.645436	1.361668	2.144946
0.899736	1.183899	-2.297629
0.899736	1.183899	-2.297629
0.204927	0.690091	-2.388609
0.204927	0.690091	-2.388609
0.272276	0.511469	-1.817381
0.272276	0.511469	-1.817381
0.071251	0.389667	-1.383263
0.071251	0.389667	-1.383263
-0.005688	0.314375	-0.855069
-0.005688	0.314375	-0.855069
-0.005688	0.314375	-0.855069
-0.110341	0.285539	-0.331431
-0.110341	0.285539	-0.331431
-0.215905	0.310496	0.192157
-0.215905	0.310496	0.192157
-0.295420	0.382781	0.719586
-0.295420	0.382781	0.719586
-0.325769	0.483077	1.261276
-0.325769	0.483077	1.261276
-0.291264	0.582851	1.833339
-0.291264	0.582851	1.833339
-1.490895	0.947163	0.835917
-1.490895	0.947163	0.835917
-1.490895	0.947163	0.835917
-1.353448	1.461470	1.250278
-1.353448	1.461470	1.250278
1.240548	1.151524	-2.169730
1.240548	1.151524	-2.169730
1.135654	0.640923	-1.979508
1.135654	0.640923	-1.979508
0.957891	0.152001	-1.768025
0.957891	0.152001	-1.768025
0.676271	-0.255004	-1.579393
0.676271	-0.255004	-1.579393
0.259935	-0.539025	-1.334406
0.259935	-0.539025	-1.334406
0.259935	-0.539025	-1.334406
-0.343736	-0.592185	-0.712119
-0.343736	-0.592185	-0.712119
-0.343736	-0.592185	-0.712119
-0.525557	0.029402	0.358273
-0.525557	0.029402	0.358273
-0.525557	0.029402	0.358273
-0.686669	0.261114	0.929373
-0.686669	0.261114	0.929373
-0.693728	0.541917	1.521281
-0.693728	0.541917	1.521281
-0.484019	0.769167	2.244948
-0.484019	0.769167	2.244948
-0.088301	0.807901	3.122148
-0.088301	0.807901	3.122148
0.197593	0.627238	-2.376918
0.197593	0.627238	-2.376918
0.252544	0.351290	-1.756202
0.252544	0.351290	-1.756202
0.135798	0.094980	-1.187617
0.135798	0.094980	-1.187617
-0.266410	-0.129036	-1.013332
-0.266410	-0.129036	-1.013332
-0.781253	-1.051740	-0.032252
-0.781253	-1.051740	-0.032252
-1.675884	-0.181133	1.368492
-1.675884	-0.181133	1.368492
-1.918250	0.493719	1.395600
-1.918250	0.493719	1.395600
-1.918250	0.493719	1.395600
-2.403074	1.140822	1.087090
-2.403074	1.140822	1.087090
1.876743	1.144881	-0.761428
1.876743	1.144881	-0.761428
1.386427	0.498562	-1.075678
1.386427	0.498562	-1.075678
1.386427	0.498562	-1.075678
1.144069	-0.176330	-1.049655
1.081559	-0.320864	1.841556
1.081559	-0.320864	1.841556
1.051415	-0.917627	1.811860
1.051415	-0.917627	1.811860
1.020734	-1.514660	1.793949
1.020734	-1.514660	1.793949
-2.136957	-1.029870	-1.380026
-2.136957	-1.029870	-1.380026
-2.136957	-1.029870	-1.380026
-2.165669	-0.433229	-1.408100
-2.165669	-0.433229	-1.408100
-2.224197	0.206351	-1.407068
-2.224197	0.206351	-1.407068
-2.298106	0.844658	-1.443913
-2.298106	0.844658	-1.443913
-3.000422	1.390332	-2.140945
-3.000422	1.390332	-2.140945
0.976339	0.502492	1.867977
0.976339	0.502492	1.867977
0.976339	0.502492	1.867977
-0.724962	-0.173513	-0.003125
-0.724962	-0.173513	-0.003125
-0.836697	-0.013748	0.670624
-0.836697	-0.013748	0.670624
-0.836697	-0.013748	0.670624
-0.825108	0.180551	1.334884
-0.825108	0.180551	1.334884
-0.825108	0.180551	1.334884
-0.689594	0.324631	2.032205
-0.689594	0.324631	2.032205
-0.689594	0.324631	2.032205
-0.484821	0.347371	2.763294
-0.484821	0.347371	2.763294
-0.317808	0.236367	-2.808167
-0.317808	0.236367	-2.808167
-0.264696	0.049137	-2.137122
-0.264696	0.049137	-2.137122
-0.339592	-0.130210	-1.470687
-0.339592	-0.130210	-1.470687
-0.339592	-0.130210	-1.470687
-0.398667	0.571531	-0.778251
-0.398667	0.571531	-0.778251
-1.275047	0.120105	-0.552764
-1.275047	0.120105	-0.552764
-1.114929	0.529923	0.029059
-1.114929	0.529923	0.029059
-0.364131	-0.062508	1.127180
-0.364131	-0.062508	1.127180
-0.480371	-0.168992	1.806099
-0.480371	-0.168992	1.806099
-0.639565	-0.178066	2.499063
-0.639565	-0.178066	2.499063
-0.767624	-0.085385	-3.101949
-0.767624	-0.085385	-3.101949
-0.767624	-0.085385	-3.101949
-0.809029	0.066055	-2.436231
-0.809029	0.066055	-2.436231
-0.746767	0.210740	-1.762238
-0.746767	0.210740	-1.762238
2.160335	-0.571481	-2.744731
2.160335	-0.571481	-2.744731
2.160335	-0.571481	-2.744731
2.744739	-0.664524	2.540583
2.744739	-0.664524	2.540583
2.744739	-0.664524	2.540583
-3.132103	-0.334778	1.688682
-3.132103	-0.334778	1.688682
-3.132103	-0.334778	1.688682
-3.093984	0.146689	1.032572
-3.093984	0.146689	1.032572
2.920624	0.459746	1.050419
2.920624	0.459746	1.050419
2.920624	0.459746	1.050419
2.415946	0.557054	0.125933
2.415946	0.557054	0.125933
2.054260	0.196054	-1.713289
2.054260	0.196054	-1.713289
1.937654	-0.241526	3.069209
1.937654	-0.241526	3.069209
2.520367	-0.431434	1.934932
2.520367	-0.431434	1.934932
2.948649	-0.024975	0.898661
2.948649	-0.024975	0.898661
2.948649	-0.024975	0.898661
2.836047	0.544888	-0.067326
2.140355	0.679549	-1.415121
2.140355	0.679549	-1.415121
1.794940	0.187584	-2.502365
1.794940	0.187584	-2.502365
2.041981	-0.338755	2.825634
2.041981	-0.338755	2.825634
2.662318	-0.380486	1.665360
2.662318	-0.380486	1.665360
-2.733022	-0.443480	1.864913
-2.733022	-0.443480	1.864913
-2.589726	0.531805	1.545698
-2.589726	0.531805	1.545698
-3.029682	1.369669	2.133476
-3.029682	1.369669	2.133476
1.142618	0.744810	3.017016
1.142618	0.744810	3.017016
1.197485	-0.223331	2.659868
1.197485	-0.223331	2.659868
1.824306	-0.757570	-0.107781
1.824306	-0.757570	-0.107781
-2.975015	-0.584902	-1.760117
-2.975015	-0.584902	-1.760117
-2.739600	0.318503	-2.261996
-2.739600	0.318503	-2.261996
3.042071	1.194669	-3.112475
3.042071	1.194669	-3.112475
1.279358	0.770037	1.101575
1.279358	0.770037	1.101575
1.803881	0.568006	2.290174
1.803881	0.568006	2.290174
1.919475	-0.341264	0.953655
1.919475	-0.341264	0.953655
2.882682	-0.280030	-0.713901
2.882682	-0.280030	-0.713901
2.883152	0.635290	-2.064509
2.883152	0.635290	-2.064509
1.777404	0.524645	2.214444
1.959003	-0.373641	0.877917
1.959003	-0.373641	0.877917
1.959003	-0.373641	0.877917
2.480192	-0.268094	3.062081
2.480192	-0.268094	3.062081
2.480192	-0.268094	3.062081
2.807582	0.253632	1.567054
2.807582	0.253632	1.567054
2.807582	0.253632	1.567054
2.455098	0.833574	2.365786
2.455098	0.833574	2.365786
2.455098	0.833574	2.365786
1.697558	0.578888	0.859079
1.697558	0.578888	0.859079
1.697558	0.578888	0.859079
1.949968	-0.507257	-0.509133
1.949968	-0.507257	-0.509133
3.095328	-0.182544	-2.322500
3.095328	-0.182544	-2.322500
3.095328	-0.182544	-2.322500
2.692341	0.871643	2.423098
2.692341	0.871643	2.423098
1.605886	0.196335	0.415418
1.605886	0.196335	0.415418
1.605886	0.196335	0.415418
2.390951	-0.632622	-1.158576
2.390951	-0.632622	-1.158576
-3.111267	0.200690	-2.730313
-3.111267	0.200690	-2.730313
-3.111267	0.200690	-2.730313
2.079958	0.868916	1.539910
2.079958	0.868916	1.539910
0.081918	-0.968870	-2.626139
0.081918	-0.968870	-2.626139
0.081918	-0.968870	-2.626139
-1.710917	-0.335302	-0.412729
-1.710917	-0.335302	-0.412729
-1.489916	0.507338	2.328282
-1.489916	0.507338	2.328282
-1.489916	0.507338	2.328282
-0.061592	0.357214	-0.238174
-0.061592	0.357214	-0.238174
0.147709	-0.007456	2.653611
0.147709	-0.007456	2.653611
-0.669257	-0.776243	-1.982470
-0.669257	-0.776243	-1.982470
-1.385548	0.062541	-0.403325
-1.385548	0.062541	-0.403325
-0.478529	0.747165	1.294193
-0.478529	0.747165	1.294193
0.005414	0.693321	0.539280
0.005414	0.693321	0.539280
0.005414	0.693321	0.539280
-0.463924	-0.848493	2.686186
-0.463924	-0.848493	2.686186
-1.313124	0.557100	-1.330592
-1.313124	0.557100	-1.330592
0.277604	-0.017303	1.317014
0.277604	-0.017303	1.317014
-1.332888	-0.488892	-2.347062
-1.332888	-0.488892	-2.347062
-0.377163	0.864752	-0.004151
-0.377163	0.864752	-0.004151
-0.669268	0.166153	0.165777
-0.669268	0.166153	0.165777
-0.669268	0.166153	0.165777
0.632773	0.207559	-1.612225
0.632773	0.207559	-1.612225
2.695119	0.485704	-2.813324
2.695119	0.485704	-2.813324
2.695119	0.485704	-2.813324
2.401857	-0.379691	0.162778
2.401857	-0.379691	0.162778
2.984352	-0.078516	-2.088033
2.984352	-0.078516	-2.088033
2.984352	-0.078516	-2.088033
2.413504	0.216338	2.040801
2.413504	0.216338	2.040801
2.477441	-0.420114	-0.079386
2.477441	-0.420114	-0.079386
2.974082	0.000942	-2.300203
2.974082	0.000942	-2.300203
2.352498	0.163208	1.817138
2.352498	0.163208	1.817138
2.352498	0.163208	1.817138
2.561523	-0.442736	-0.326981
2.561523	-0.442736	-0.326981
2.946620	0.076511	-2.513748
2.946620	0.076511	-2.513748
2.946620	0.076511	-2.513748
2.095853	-0.420271	0.586068
2.095853	-0.420271	0.586068
2.536008	-0.662295	-0.335708
2.536008	-0.662295	-0.335708
2.536008	-0.662295	-0.335708
3.005358	-0.513838	-1.547525
3.005358	-0.513838	-1.547525
-3.116552	-0.127481	-1.314265
-3.116552	-0.127481	-1.314265
-3.116552	-0.127481	-1.314265
3.042160	0.289833	-2.021030
3.042160	0.289833	-2.021030
-2.820501	0.176139	2.154011
-2.820501	0.176139	2.154011
-2.820501	0.176139	2.154011
3.077859	0.711403	1.458506
3.077859	0.711403	1.458506
2.211751	0.762376	0.333762
2.211751	0.762376	0.333762
-1.448632	0.509971	1.848173
-1.448632	0.509971	1.848173
0.789496	-0.010805	-0.789749
0.789496	-0.010805	-0.789749
0.789496	-0.010805	-0.789749
-1.362113	0.129469	1.667532
-1.362113	0.129469	1.667532
0.900142	0.362381	-0.978065
0.900142	0.362381	-0.978065
0.900142	0.362381	-0.978065
-1.207021	-0.227416	1.451677
-1.207021	-0.227416	1.451677
0.945459	0.749678	-1.162057
0.945459	0.749678	-1.162057
0.945459	0.749678	-1.162057
-1.485335	0.148433	2.293666
-1.485335	0.148433	2.293666
1.002098	0.286108	-0.302763
1.002098	0.286108	-0.302763
1.002098	0.286108	-0.302763
2.895791	-0.236301	-1.799875
2.895791	-0.236301	-1.799875
2.803553	0.031128	0.228290
2.803553	0.031128	0.228290
2.803553	0.031128	0.228290
2.877554	-0.696758	-2.703036
2.877554	-0.696758	-2.703036
2.961025	0.030270	0.645281
2.961025	0.030270	0.645281
2.961025	0.030270	0.645281
2.683325	-0.654001	-2.169173
2.683325	-0.654001	-2.169173
3.104954	-0.034152	1.057893
3.104954	-0.034152	1.057893
3.104954	-0.034152	1.057893
2.548129	-0.541832	-1.678608
2.548129	-0.541832	-1.678608
-3.070824	-0.151002	1.462673
-3.070824	-0.151002	1.462673
-0.656762	0.333056	-0.119225
-0.656762	0.333056	-0.119225
0.134739	0.358256	3.066464
0.134739	0.358256	3.066464
0.134739	0.358256	3.066464
2.191974	-0.249372	2.435745
2.191974	-0.249372	2.435745
-2.694984	-0.400460	-0.950871
-2.694984	-0.400460	-0.950871
2.469851	0.113419	2.416022
2.469851	0.113419	2.416022
-2.884781	-0.205886	-0.785397
-2.884781	-0.205886	-0.785397
-2.884781	-0.205886	-0.785397
2.347859	-0.258267	2.875528
2.347859	-0.258267	2.875528
-2.858403	-0.420894	-0.406161
-2.858403	-0.420894	-0.406161
-2.858403	-0.420894	-0.406161
2.433039	-0.058973	-3.034115
2.433039	-0.058973	-3.034115
-2.576987	-0.326305	-0.931599
-2.576987	-0.326305	-0.931599
-2.576987	-0.326305	-0.931599
2.161881	0.003921	2.835126
2.161881	0.003921	2.835126
-2.583107	-0.637229	-0.610191
-2.583107	-0.637229	-0.610191
-2.583107	-0.637229	-0.610191
2.352037	0.251612	-3.104999
2.352037	0.251612	-3.104999
-2.751912	-0.924577	-0.171727
-2.751912	-0.924577	-0.171727
-2.751912	-0.924577	-0.171727
-3.083024	-0.638473	1.773466
-3.083024	-0.638473	1.773466
2.703012	0.050906	-0.968866
2.703012	0.050906	-0.968866
2.703012	0.050906	-0.968866
1.896547	-0.508081	-2.171313
1.896547	-0.508081	-2.171313
0.677134	0.528372	2.824261
0.677134	0.528372	2.824261
0.677134	0.528372	2.824261
-0.938487	-0.227039	-0.994593
-0.938487	-0.227039	-0.994593
0.601148	0.862227	2.484452
0.601148	0.862227	2.484452
0.601148	0.862227	2.484452
-0.663925	-0.446422	-1.376930
-0.663925	-0.446422	-1.376930
0.220231	1.136533	1.869035
0.220231	1.136533	1.869035
-0.292428	-0.539124	-1.845573
-0.292428	-0.539124	-1.845573
-0.629904	1.164032	0.794383
-0.629904	1.164032	0.794383
0.087724	-0.470969	-2.321977
0.087724	-0.470969	-2.321977
-1.092215	0.912236	0.100459
-1.092215	0.912236	0.100459
-1.092215	0.912236	0.100459
-1.505827	0.852205	-1.888239
-1.505827	0.852205	-1.888239
0.653895	-0.326574	1.815407
0.653895	-0.326574	1.815407
0.653895	-0.326574	1.815407
1.968303	0.734285	2.892564
1.968303	0.734285	2.892564
-0.273926	-1.085845	0.709072
-0.273926	-1.085845	0.709072
-0.273926	-1.085845	0.709072
-2.490020	1.298338	1.557303
-2.490020	1.298338	1.557303
0.507158	-0.919830	-0.031684
0.507158	-0.919830	-0.031684
-2.001806	0.905208	1.932318
-2.001806	0.905208	1.932318
0.882495	-0.570624	-0.362336
0.882495	-0.570624	-0.362336
2.889127	0.352001	2.938093
2.889127	0.352001	2.938093
2.612395	-0.979395	0.192465
2.612395	-0.979395	0.192465
2.612395	-0.979395	0.192465
-3.107058	0.286741	-2.904704
-3.107058	0.286741	-2.904704
2.277192	-0.793345	0.804243
2.277192	-0.793345	0.804243
2.277192	-0.793345	0.804243
-2.879970	0.116186	-2.509183
-2.879970	0.116186	-2.509183
0.700370	1.135593	1.070569
0.700370	1.135593	1.070569
0.700370	1.135593	1.070569
2.313293	-0.077239	3.029316
2.313293	-0.077239	3.029316
-2.787336	-0.595567	-0.290757
-2.787336	-0.595567	-0.290757
-0.913875	-0.358861	-2.849166
-0.913875	-0.358861	-2.849166
0.640391	0.994939	0.667694
0.640391	0.994939	0.667694
0.640391	0.994939	0.667694
-0.578652	-0.559514	3.016134
-0.578652	-0.559514	3.016134
0.024645	1.252951	-0.162969
0.024645	1.252951	-0.162969
-0.148778	-0.603987	2.509399
-0.148778	-0.603987	2.509399
-0.970561	1.145433	-1.369269
-0.970561	1.145433	-1.369269
-0.970561	1.145433	-1.369269
0.244622	-0.471821	2.036975
0.244622	-0.471821	2.036975
-1.251952	0.816807	-1.875063
-1.251952	0.816807	-1.875063
-1.251952	0.816807	-1.875063
-2.595065	-0.270205	-0.508094
-2.595065	-0.270205	-0.508094
-2.953288	1.188207	-2.274270
-2.953288	1.188207	-2.274270
0.818462	-1.317621	2.643191
0.818462	-1.317621	2.643191
-2.668081	0.876668	-1.915680
-2.668081	0.876668	-1.915680
-2.668081	0.876668	-1.915680
0.936508	-1.030731	2.434058
0.936508	-1.030731	2.434058
-2.300226	0.735910	-1.747342
-2.300226	0.735910	-1.747342
1.196673	-0.616128	2.284264
1.196673	-0.616128	2.284264
-2.064152	0.334061	-1.578327
-2.064152	0.334061	-1.578327
-2.064152	0.334061	-1.578327
1.351420	-0.189204	2.267923
1.351420	-0.189204	2.267923
-2.699168	0.989942	-2.100201
-2.699168	0.989942	-2.100201
-2.699168	0.989942	-2.100201
1.050421	-0.960938	2.344093
1.050421	-0.960938	2.344093
-2.268605	0.644237	-1.721252
-2.268605	0.644237	-1.721252
-2.268605	0.644237	-1.721252
1.261057	-0.537142	2.255131
1.261057	-0.537142	2.255131
-2.054160	0.239430	-1.569549
-2.054160	0.239430	-1.569549
-2.054160	0.239430	-1.569549
2.199292	-0.428617	1.778656
2.199292	-0.428617	1.778656
-2.741438	-0.228777	-1.585775
-2.741438	-0.228777	-1.585775
-2.741438	-0.228777	-1.585775
-3.019400	-0.095149	1.516778
-3.019400	-0.095149	1.516778
-0.771325	0.377470	0.204996
-0.771325	0.377470	0.204996
0.244396	0.307036	-2.820470
0.244396	0.307036	-2.820470
-0.731883	0.174889	-0.183854
-0.731883	0.174889	-0.183854
-0.731883	0.174889	-0.183854
0.226836	0.512510	3.056033
0.226836	0.512510	3.056033
-0.618973	0.001062	-0.575271
-0.618973	0.001062	-0.575271
0.102312	0.692930	2.582890
0.102312	0.692930	2.582890
-0.447425	-0.114966	-0.986066
-0.447425	-0.114966	-0.986066
-0.139449	0.798507	2.018345
-0.139449	0.798507	2.018345
-0.242468	-0.151036	-1.413413
-0.242468	-0.151036	-1.413413
0.017504	-0.411072	-0.279949
0.017504	-0.411072	-0.279949
1.565477	1.101173	-1.758333
1.565477	1.101173	-1.758333
1.565477	1.101173	-1.758333
-1.759602	-0.585456	0.721486
-1.759602	-0.585456	0.721486
1.774388	0.690508	-1.555062
1.774388	0.690508	-1.555062
1.774388	0.690508	-1.555062
-1.529222	-1.004990	0.608609
-1.529222	-1.004990	0.608609
2.248535	1.023840	-1.132852
2.248535	1.023840	-1.132852
-0.663638	-1.346628	-0.152182
-0.663638	-1.346628	-0.152182
-3.097671	1.100258	-0.244203
-3.097671	1.100258	-0.244203
-2.877437	-0.973626	2.492806
-2.877437	-0.973626	2.492806
2.732842	0.413426	-0.088776
2.732842	0.413426	-0.088776
2.732842	0.413426	-0.088776
2.837193	-1.084454	-2.966868
2.837193	-1.084454	-2.966868
3.070850	0.404004	0.379629
3.070850	0.404004	0.379629
3.070850	0.404004	0.379629
2.220402	-0.968346	-2.021717
2.220402	-0.968346	-2.021717
-2.876398	0.293408	0.906962
-2.876398	0.293408	0.906962
-1.020031	-0.833133	-0.276375
-1.020031	-0.833133	-0.276375
1.546077	0.984865	-2.236198
1.546077	0.984865	-2.236198
1.546077	0.984865	-2.236198
-0.062218	-0.213262	-1.337862
-0.062218	-0.213262	-1.337862
-0.699215	0.775052	1.326887
-0.699215	0.775052	1.326887
-0.699215	0.775052	1.326887
0.148300	-0.083053	-1.750713
0.148300	-0.083053	-1.750713
-0.850182	0.560221	0.851717
-0.850182	0.560221	0.851717
-0.850182	0.560221	0.851717
0.290035	0.116833	-2.129099
0.290035	0.116833	-2.129099
-0.870030	0.315592	0.461863
-0.870030	0.315592	0.461863
-0.870030	0.315592	0.461863
0.351251	0.355491	-2.497108
0.351251	0.355491	-2.497108
-0.794945	0.081222	0.094849
-0.794945	0.081222	0.094849
-0.794945	0.081222	0.094849
